x	y
25000.0	1.0e-7
75000.0	1.0e-7
125000.0	2.0e-7
175000.0	2.0e-7
225000.0	2.0e-7
275000.0	2.0e-7
325000.0	3.0e-7
375000.0	3.0e-7
425000.0	3.0e-7
475000.0	3.0e-7
525000.0	4.0e-7
575000.0	4.0e-7
625000.0	4.0e-7
675000.0	4.0e-7
725000.0	4.0e-7
775000.0	4.0e-7
825000.0	5.0e-7
875000.0	5.0e-7
925000.0	5.0e-7
975000.0	5.0e-7
1.025e6	6.0e-7
1.075e6	6.0e-7
1.125e6	6.0e-7
1.175e6	7.0e-7
1.225e6	7.0e-7
1.275e6	8.0e-7
1.325e6	8.0e-7
1.375e6	8.0e-7
1.425e6	9.0e-7
1.475e6	9.0e-7
1.525e6	1.0e-6
1.575e6	1.2e-6
1.625e6	1.2999999999999998e-6
1.675e6	1.2999999999999998e-6
1.725e6	1.3999999999999997e-6
1.775e6	1.6999999999999998e-6
1.825e6	1.8999999999999998e-6
1.875e6	2.1999999999999997e-6
1.925e6	2.2999999999999996e-6
1.975e6	2.5999999999999997e-6
2.025e6	2.5999999999999997e-6
2.075e6	2.6999999999999996e-6
2.125e6	2.7999999999999994e-6
2.175e6	2.8999999999999993e-6
2.225e6	2.9999999999999992e-6
2.275e6	2.9999999999999992e-6
2.325e6	2.9999999999999992e-6
2.375e6	3.199999999999999e-6
2.425e6	3.199999999999999e-6
2.475e6	3.199999999999999e-6
2.525e6	3.299999999999999e-6
2.575e6	3.3999999999999988e-6
2.625e6	3.5999999999999986e-6
2.675e6	3.5999999999999986e-6
2.725e6	3.6999999999999985e-6
2.775e6	3.7999999999999983e-6
2.825e6	4.099999999999998e-6
2.875e6	4.099999999999998e-6
2.925e6	4.199999999999998e-6
2.975e6	4.299999999999998e-6
3.025e6	4.299999999999998e-6
3.075e6	4.5999999999999975e-6
3.125e6	4.799999999999997e-6
3.175e6	5.099999999999997e-6
3.225e6	5.399999999999997e-6
3.275e6	5.4999999999999965e-6
3.325e6	5.899999999999996e-6
3.375e6	6.299999999999996e-6
3.425e6	6.699999999999995e-6
3.475e6	6.999999999999995e-6
3.525e6	7.599999999999995e-6
3.575e6	7.899999999999996e-6
3.625e6	8.299999999999995e-6
3.675e6	8.399999999999996e-6
3.725e6	8.699999999999996e-6
3.775e6	9.199999999999997e-6
3.825e6	1.0099999999999996e-5
3.875e6	1.0599999999999997e-5
3.925e6	1.1299999999999997e-5
3.975e6	1.1799999999999997e-5
4.025e6	1.2399999999999996e-5
4.075e6	1.2799999999999996e-5
4.125e6	1.3399999999999995e-5
4.175e6	1.3899999999999996e-5
4.225e6	1.4599999999999996e-5
4.275e6	1.4999999999999995e-5
4.325e6	1.5599999999999996e-5
4.375e6	1.5799999999999998e-5
4.425e6	1.6899999999999997e-5
4.475e6	1.7299999999999997e-5
4.525e6	1.7899999999999998e-5
4.575e6	1.8999999999999998e-5
4.625e6	2.06e-5
4.675e6	2.1099999999999998e-5
4.725e6	2.2299999999999997e-5
4.775e6	2.3399999999999996e-5
4.825e6	2.5399999999999997e-5
4.875e6	2.6099999999999997e-5
4.925e6	2.6799999999999998e-5
4.975e6	2.7799999999999998e-5
5.025e6	2.8499999999999998e-5
5.075e6	3.02e-5
5.125e6	3.1599999999999996e-5
5.175e6	3.259999999999999e-5
5.225e6	3.399999999999999e-5
5.275e6	3.539999999999999e-5
5.325e6	3.649999999999999e-5
5.375e6	3.7699999999999995e-5
5.425e6	3.929999999999999e-5
5.475e6	4.059999999999999e-5
5.525e6	4.209999999999999e-5
5.575e6	4.429999999999999e-5
5.625e6	4.619999999999999e-5
5.675e6	4.7999999999999994e-5
5.725e6	4.98e-5
5.775e6	5.13e-5
5.825e6	5.34e-5
5.875e6	5.65e-5
5.925e6	5.87e-5
5.975e6	6.0599999999999996e-5
6.025e6	6.259999999999999e-5
6.075e6	6.529999999999999e-5
6.125e6	6.769999999999999e-5
6.175e6	7.079999999999999e-5
6.225e6	7.429999999999999e-5
6.275e6	7.759999999999999e-5
6.325e6	8.089999999999999e-5
6.375e6	8.34e-5
6.425e6	8.719999999999999e-5
6.475e6	9.159999999999999e-5
6.525e6	9.499999999999999e-5
6.575e6	9.889999999999999e-5
6.625e6	0.00010159999999999999
6.675e6	0.00010579999999999998
6.725e6	0.00010839999999999998
6.775e6	0.00011219999999999998
6.825e6	0.00011729999999999998
6.875e6	0.00012029999999999998
6.925e6	0.00012529999999999998
6.975e6	0.00013039999999999997
7.025e6	0.00013639999999999998
7.075e6	0.00014259999999999997
7.125e6	0.00014859999999999998
7.175e6	0.00015399999999999998
7.225e6	0.00015869999999999998
7.275e6	0.00016519999999999998
7.325e6	0.00017259999999999997
7.375e6	0.00017929999999999997
7.425e6	0.00018629999999999997
7.475e6	0.0001946
7.525e6	0.00020449999999999998
7.575e6	0.00021299999999999997
7.625e6	0.00022119999999999998
7.675e6	0.0002314
7.725e6	0.00024009999999999998
7.775e6	0.00024859999999999997
7.825e6	0.00025899999999999995
7.875e6	0.000269
7.925e6	0.0002805
7.975e6	0.0002921
8.025e6	0.000302
8.075e6	0.00031350000000000003
8.125e6	0.00032570000000000006
8.175e6	0.00033940000000000006
8.225e6	0.00035220000000000005
8.275e6	0.00036510000000000004
8.325e6	0.0003778
8.375e6	0.0003908
8.425e6	0.00040740000000000004
8.475e6	0.00042360000000000005
8.525e6	0.00043980000000000007
8.575e6	0.00045570000000000007
8.625e6	0.0004720000000000001
8.675e6	0.0004913000000000001
8.725e6	0.0005085000000000001
8.775e6	0.0005244000000000001
8.825e6	0.0005433
8.875e6	0.0005638
8.925e6	0.0005855000000000001
8.975e6	0.0006062000000000001
9.025e6	0.0006297000000000001
9.075e6	0.0006527000000000001
9.125e6	0.0006774000000000001
9.175e6	0.0007037000000000001
9.225e6	0.0007266000000000001
9.275e6	0.0007521000000000001
9.325e6	0.0007796000000000001
9.375e6	0.0008067
9.425e6	0.0008342
9.475e6	0.0008639
9.525e6	0.0008937
9.575e6	0.0009261
9.625e6	0.0009589
9.675e6	0.0009959
9.725e6	0.0010295
9.775e6	0.001064
9.825e6	0.0010986000000000001
9.875e6	0.0011344000000000003
9.925e6	0.0011694000000000003
9.975e6	0.0012077000000000004
1.0025e7	0.0012478000000000003
1.0075e7	0.0012912000000000004
1.0125e7	0.0013361000000000004
1.0175e7	0.0013814000000000005
1.0225e7	0.0014232000000000005
1.0275e7	0.0014696000000000006
1.0325e7	0.0015218000000000007
1.0375e7	0.0015708000000000007
1.0425e7	0.0016196000000000006
1.0475e7	0.0016739000000000005
1.0525e7	0.0017320000000000005
1.0575e7	0.0017919000000000006
1.0625e7	0.0018453000000000007
1.0675e7	0.0019054000000000007
1.0725e7	0.0019657000000000008
1.0775e7	0.0020277000000000008
1.0825e7	0.002089100000000001
1.0875e7	0.0021596000000000007
1.0925e7	0.0022274000000000005
1.0975e7	0.0022993000000000006
1.1025e7	0.0023715000000000008
1.1075e7	0.002443500000000001
1.1125e7	0.0025240000000000006
1.1175e7	0.0026037000000000005
1.1225e7	0.0026876000000000005
1.1275e7	0.0027706000000000007
1.1325e7	0.0028572000000000007
1.1375e7	0.0029419000000000008
1.1425e7	0.0030359000000000007
1.1475e7	0.0031364000000000006
1.1525e7	0.0032340000000000008
1.1575e7	0.003329000000000001
1.1625e7	0.003429700000000001
1.1675e7	0.003525000000000001
1.1725e7	0.003633500000000001
1.1775e7	0.0037370000000000007
1.1825e7	0.003855800000000001
1.1875e7	0.003975000000000001
1.1925e7	0.0040925000000000015
1.1975e7	0.004215300000000002
1.2025e7	0.004341900000000002
1.2075e7	0.004472000000000002
1.2125e7	0.004602800000000002
1.2175e7	0.004736100000000003
1.2225e7	0.0048753000000000025
1.2275e7	0.005019300000000003
1.2325e7	0.005163500000000002
1.2375e7	0.005317300000000002
1.2425e7	0.005469100000000002
1.2475e7	0.0056234000000000015
1.2525e7	0.005780500000000002
1.2575e7	0.005941700000000002
1.2625e7	0.006116200000000002
1.2675e7	0.006284300000000002
1.2725e7	0.006460500000000002
1.2775e7	0.006646700000000002
1.2825e7	0.006831700000000002
1.2875e7	0.007032700000000002
1.2925e7	0.007232700000000002
1.2975e7	0.007437000000000002
1.3025e7	0.007640900000000002
1.3075e7	0.0078588
1.3125e7	0.008080200000000001
1.3175e7	0.0082938
1.3225e7	0.0085169
1.3275e7	0.0087501
1.3325e7	0.0089981
1.3375e7	0.0092463
1.3425e7	0.0094993
1.3475e7	0.0097479
1.3525e7	0.010009200000000001
1.3575e7	0.0102771
1.3625e7	0.010541600000000002
1.3675e7	0.010825000000000001
1.3725e7	0.011118300000000001
1.3775e7	0.0114073
1.3825e7	0.011701300000000001
1.3875e7	0.012007300000000002
1.3925e7	0.012315800000000002
1.3975e7	0.012633600000000002
1.4025e7	0.012966500000000002
1.4075e7	0.013308100000000002
1.4125e7	0.013653100000000001
1.4175e7	0.014008200000000002
1.4225e7	0.014369800000000002
1.4275e7	0.014741500000000001
1.4325e7	0.015122600000000002
1.4375e7	0.015507200000000002
1.4425e7	0.0159098
1.4475e7	0.0163153
1.4525e7	0.0167251
1.4575e7	0.0171415
1.4625e7	0.0175631
1.4675e7	0.0180003
1.4725e7	0.0184433
1.4775e7	0.0188973
1.4825e7	0.0193646
1.4875e7	0.019835699999999998
1.4925e7	0.020323699999999997
1.4975e7	0.020809899999999996
1.5025e7	0.021315899999999995
1.5075e7	0.021824299999999994
1.5125e7	0.022339799999999993
1.5175e7	0.022870799999999993
1.5225e7	0.023408899999999993
1.5275e7	0.023971599999999992
1.5325e7	0.024523499999999993
1.5375e7	0.025089399999999994
1.5425e7	0.025686299999999995
1.5475e7	0.026300699999999996
1.5525e7	0.026909599999999995
1.5575e7	0.027531499999999997
1.5625e7	0.028160299999999996
1.5675e7	0.028800099999999995
1.5725e7	0.029463699999999995
1.5775e7	0.030147999999999994
1.5825e7	0.030843299999999994
1.5875e7	0.031548099999999996
1.5925e7	0.032272199999999994
1.5975e7	0.032992999999999995
1.6025e7	0.0337315
1.6075e7	0.0344752
1.6125e7	0.0352368
1.6175e7	0.0360169
1.6225e7	0.036817699999999995
1.6275e7	0.03762239999999999
1.6325e7	0.03843699999999999
1.6375e7	0.039264299999999995
1.6425e7	0.0401198
1.6475e7	0.040972499999999995
1.6525e7	0.041843399999999996
1.6575e7	0.0427486
1.6625e7	0.0436845
1.6675e7	0.0446213
1.6725e7	0.045559300000000004
1.6775e7	0.0465199
1.6825e7	0.0475068
1.6875e7	0.0484909
1.6925e7	0.049501800000000006
1.6975e7	0.05053610000000001
1.7025e7	0.051571500000000006
1.7075e7	0.05261020000000001
1.7125e7	0.05367590000000001
1.7175e7	0.05477450000000001
1.7225e7	0.05589060000000001
1.7275e7	0.05700880000000001
1.7325e7	0.058152200000000015
1.7375e7	0.059337300000000016
1.7425e7	0.06051710000000002
1.7475e7	0.06171430000000002
1.7525e7	0.06292710000000001
1.7575e7	0.06415690000000002
1.7625e7	0.06542560000000001
1.7675e7	0.06668510000000001
1.7725e7	0.06796600000000001
1.7775e7	0.06926650000000001
1.7825e7	0.0705838
1.7875e7	0.0719196
1.7925e7	0.0732858
1.7975e7	0.07467889999999999
1.8025e7	0.0760906
1.8075e7	0.07752179999999999
1.8125e7	0.07896909999999999
1.8175e7	0.08044049999999998
1.8225e7	0.08192009999999998
1.8275e7	0.08344429999999999
1.8325e7	0.08500859999999999
1.8375e7	0.0865638
1.8425e7	0.0881385
1.8475e7	0.089722
1.8525e7	0.09131349999999999
1.8575e7	0.09295579999999999
1.8625e7	0.09464059999999999
1.8675e7	0.0962845
1.8725e7	0.0979756
1.8775e7	0.09969109999999999
1.8825e7	0.10144349999999999
1.8875e7	0.1032423
1.8925e7	0.1050498
1.8975e7	0.1068668
1.9025e7	0.10870729999999999
1.9075e7	0.1105804
1.9125e7	0.1124661
1.9175e7	0.1143589
1.9225e7	0.1162767
1.9275e7	0.11820409999999999
1.9325e7	0.12015279999999999
1.9375e7	0.12212909999999999
1.9425e7	0.12418549999999999
1.9475e7	0.1262158
1.9525e7	0.1282815
1.9575e7	0.1303676
1.9625e7	0.1324972
1.9675e7	0.1346604
1.9725e7	0.1368058
1.9775e7	0.1390152
1.9825e7	0.1412341
1.9875e7	0.14344780000000001
1.9925e7	0.1456877
1.9975e7	0.14797760000000001
2.0025e7	0.15025770000000002
2.0075e7	0.15258810000000003
2.0125e7	0.15491420000000003
2.0175e7	0.15727240000000003
2.0225e7	0.15965680000000004
2.0275e7	0.16207150000000003
2.0325e7	0.16450730000000002
2.0375e7	0.16696320000000003
2.0425e7	0.16946170000000002
2.0475e7	0.17200290000000001
2.0525e7	0.17453290000000002
2.0575e7	0.1770932
2.0625e7	0.1796801
2.0675e7	0.1822733
2.0725e7	0.1849026
2.0775e7	0.1875118
2.0825e7	0.1901944
2.0875e7	0.1928898
2.0925e7	0.1955999
2.0975e7	0.19836689999999998
2.1025e7	0.20115819999999998
2.1075e7	0.20393609999999998
2.1125e7	0.20674539999999997
2.1175e7	0.20956249999999996
2.1225e7	0.21242849999999996
2.1275e7	0.21529799999999996
2.1325e7	0.21818969999999996
2.1375e7	0.22111429999999996
2.1425e7	0.22408839999999997
2.1475e7	0.22702889999999998
2.1525e7	0.23001159999999998
2.1575e7	0.23299089999999997
2.1625e7	0.23602669999999998
2.1675e7	0.23906669999999997
2.1725e7	0.24217509999999998
2.1775e7	0.24525119999999997
2.1825e7	0.24833659999999996
2.1875e7	0.251472
2.1925e7	0.25463169999999996
2.1975e7	0.2578174
2.2025e7	0.26099999999999995
2.2075e7	0.26422529999999994
2.2125e7	0.26744929999999995
2.2175e7	0.27068749999999997
2.2225e7	0.2739945
2.2275e7	0.2772903
2.2325e7	0.28060789999999997
2.2375e7	0.2839459
2.2425e7	0.28730009999999995
2.2475e7	0.29066999999999993
2.2525e7	0.2940280999999999
2.2575e7	0.2974297999999999
2.2625e7	0.3008535999999999
2.2675e7	0.3042865999999999
2.2725e7	0.3077276999999999
2.2775e7	0.31122099999999986
2.2825e7	0.31472389999999983
2.2875e7	0.3182678999999998
2.2925e7	0.32176799999999983
2.2975e7	0.3252768999999998
2.3025e7	0.3288234999999998
2.3075e7	0.3323958999999998
2.3125e7	0.3359962999999998
2.3175e7	0.3395923999999998
2.3225e7	0.3432218999999998
2.3275e7	0.3468435999999998
2.3325e7	0.3504689999999998
2.3375e7	0.3541168999999998
2.3425e7	0.3577469999999998
2.3475e7	0.36145209999999983
2.3525e7	0.3651423999999998
2.3575e7	0.3688469999999998
2.3625e7	0.3725933999999998
2.3675e7	0.3763429999999998
2.3725e7	0.3800891999999998
2.3775e7	0.3838421999999998
2.3825e7	0.3875926999999998
2.3875e7	0.3913656999999998
2.3925e7	0.39514399999999983
2.3975e7	0.39893209999999985
2.4025e7	0.4027420999999998
2.4075e7	0.4065653999999998
2.4125e7	0.4103981999999998
2.4175e7	0.4142060999999998
2.4225e7	0.4180597999999998
2.4275e7	0.42191739999999983
2.4325e7	0.4257700999999998
2.4375e7	0.4296283999999998
2.4425e7	0.4334880999999998
2.4475e7	0.4373581999999998
2.4525e7	0.44122579999999983
2.4575e7	0.44507399999999986
2.4625e7	0.44896499999999984
2.4675e7	0.45289219999999986
2.4725e7	0.45678209999999986
2.4775e7	0.46064539999999987
2.4825e7	0.4645391999999999
2.4875e7	0.4684449999999999
2.4925e7	0.4723492999999999
2.4975e7	0.47627079999999994
2.5025e7	0.48017809999999994
2.5075e7	0.48409879999999994
2.5125e7	0.48800419999999994
2.5175e7	0.49191219999999997
2.5225e7	0.49582509999999996
2.5275e7	0.49973599999999996
2.5325e7	0.5036412
2.5375e7	0.5075413
2.5425e7	0.5114721999999999
2.5475e7	0.5153698999999999
2.5525e7	0.5192939999999999
2.5575e7	0.5231897999999999
2.5625e7	0.5270993999999999
2.5675e7	0.5309873999999999
2.5725e7	0.5348645999999999
2.5775e7	0.538735
2.5825e7	0.5426040999999999
2.5875e7	0.5464654999999999
2.5925e7	0.5503541999999999
2.5975e7	0.5542448999999999
2.6025e7	0.5581259999999999
2.6075e7	0.5620340999999999
2.6125e7	0.5658542999999999
2.6175e7	0.5696705
2.6225e7	0.5734952
2.6275e7	0.5773081999999999
2.6325e7	0.5811459999999999
2.6375e7	0.5850032
2.6425e7	0.5888197
2.6475e7	0.5926005999999999
2.6525e7	0.5963964999999999
2.6575e7	0.6002058999999998
2.6625e7	0.6039890999999998
2.6675e7	0.6077695999999998
2.6725e7	0.6115324999999998
2.6775e7	0.6153009999999998
2.6825e7	0.6190715999999997
2.6875e7	0.6227996999999997
2.6925e7	0.6265234999999998
2.6975e7	0.6302231999999998
2.7025e7	0.6339098999999998
2.7075e7	0.6375921999999998
2.7125e7	0.6412546999999998
2.7175e7	0.6448951999999999
2.7225e7	0.6484968999999999
2.7275e7	0.6521062
2.7325e7	0.6557193
2.7375e7	0.6593463
2.7425e7	0.6629476000000001
2.7475e7	0.6665103000000001
2.7525e7	0.6700135000000002
2.7575e7	0.6735458000000002
2.7625e7	0.6770460000000001
2.7675e7	0.6805187000000001
2.7725e7	0.6840296000000001
2.7775e7	0.6875085000000001
2.7825e7	0.6909321
2.7875e7	0.6943848
2.7925e7	0.6978086
2.7975e7	0.7012363
2.8025e7	0.7046530000000001
2.8075e7	0.7080048000000001
2.8125e7	0.7113472000000001
2.8175e7	0.7146402000000001
2.8225e7	0.7179358
2.8275e7	0.7212465
2.8325e7	0.7244664000000001
2.8375e7	0.7277473000000001
2.8425e7	0.7309474000000001
2.8475e7	0.7341631000000002
2.8525e7	0.7373185000000002
2.8575e7	0.7404744000000002
2.8625e7	0.7436065000000002
2.8675e7	0.7467176000000002
2.8725e7	0.7498312000000003
2.8775e7	0.7529511000000002
2.8825e7	0.7560421000000002
2.8875e7	0.7591011000000002
2.8925e7	0.7621395000000002
2.8975e7	0.7651265000000002
2.9025e7	0.7680970000000001
2.9075e7	0.7710491000000002
2.9125e7	0.7739872000000002
2.9175e7	0.7769139000000002
2.9225e7	0.7798133000000002
2.9275e7	0.7826747000000002
2.9325e7	0.7855487000000002
2.9375e7	0.7883959000000003
2.9425e7	0.7912063000000003
2.9475e7	0.7939778000000003
2.9525e7	0.7967288000000002
2.9575e7	0.7994915000000002
2.9625e7	0.8022017000000002
2.9675e7	0.8049173000000003
2.9725e7	0.8076131000000003
2.9775e7	0.8102495000000003
2.9825e7	0.8128540000000003
2.9875e7	0.8154800000000003
2.9925e7	0.8180714000000003
2.9975e7	0.8206265000000004
3.0025e7	0.8231817000000003
3.0075e7	0.8256934000000004
3.0125e7	0.8281867000000004
3.0175e7	0.8306305000000004
3.0225e7	0.8330661000000004
3.0275e7	0.8354809000000004
3.0325e7	0.8378825000000004
3.0375e7	0.8402446000000005
3.0425e7	0.8426021000000005
3.0475e7	0.8449218000000005
3.0525e7	0.8472166000000005
3.0575e7	0.8494893000000006
3.0625e7	0.8517526000000005
3.0675e7	0.8539918000000005
3.0725e7	0.8561896000000006
3.0775e7	0.8583508000000005
3.0825e7	0.8604930000000005
3.0875e7	0.8626581000000005
3.0925e7	0.8647654000000006
3.0975e7	0.8668551000000005
3.1025e7	0.8689481000000006
3.1075e7	0.8709902000000006
3.1125e7	0.8729883000000006
3.1175e7	0.8749988000000006
3.1225e7	0.8769732000000007
3.1275e7	0.8789536000000007
3.1325e7	0.8809032000000007
3.1375e7	0.8828220000000007
3.1425e7	0.8847223000000006
3.1475e7	0.8866137000000006
3.1525e7	0.8884625000000006
3.1575e7	0.8902897000000006
3.1625e7	0.8921094000000006
3.1675e7	0.8938914000000006
3.1725e7	0.8956643000000005
3.1775e7	0.8974146000000005
3.1825e7	0.8991416000000005
3.1875e7	0.9008312000000005
3.1925e7	0.9025144000000005
3.1975e7	0.9041912000000005
3.2025e7	0.9058243000000006
3.2075e7	0.9074359000000006
3.2125e7	0.9089795000000006
3.2175e7	0.9105486000000006
3.2225e7	0.9121035000000006
3.2275e7	0.9136386000000006
3.2325e7	0.9151397000000007
3.2375e7	0.9166039000000007
3.2425e7	0.9180761000000007
3.2475e7	0.9195284000000007
3.2525e7	0.9209555000000007
3.2575e7	0.9223686000000006
3.2625e7	0.9237702000000007
3.2675e7	0.9251408000000007
3.2725e7	0.9264944000000006
3.2775e7	0.9278252000000006
3.2825e7	0.9291521000000006
3.2875e7	0.9304433000000006
3.2925e7	0.9317283000000006
3.2975e7	0.9329627000000006
3.3025e7	0.9341948000000005
3.3075e7	0.9354211000000006
3.3125e7	0.9366291000000005
3.3175e7	0.9378229000000006
3.3225e7	0.9390077000000006
3.3275e7	0.9401725000000005
3.3325e7	0.9413056000000005
3.3375e7	0.9424396000000005
3.3425e7	0.9435549000000005
3.3475e7	0.9446402000000005
3.3525e7	0.9457095000000005
3.3575e7	0.9467674000000005
3.3625e7	0.9478178000000005
3.3675e7	0.9488441000000005
3.3725e7	0.9498543000000005
3.3775e7	0.9508396000000005
3.3825e7	0.9518142000000005
3.3875e7	0.9527826000000005
3.3925e7	0.9537093000000004
3.3975e7	0.9546346000000004
3.4025e7	0.9555547000000004
3.4075e7	0.9564425000000004
3.4125e7	0.9573159000000004
3.4175e7	0.9581976000000004
3.4225e7	0.9590516000000004
3.4275e7	0.9599044000000004
3.4325e7	0.9607180000000004
3.4375e7	0.9615279000000004
3.4425e7	0.9623320000000004
3.4475e7	0.9631104000000004
3.4525e7	0.9638875000000003
3.4575e7	0.9646443000000003
3.4625e7	0.9653955000000003
3.4675e7	0.9661285000000003
3.4725e7	0.9668442000000003
3.4775e7	0.9675407000000003
3.4825e7	0.9682411000000003
3.4875e7	0.9689230000000003
3.4925e7	0.9695908000000003
3.4975e7	0.9702574000000003
3.5025e7	0.9708969000000003
3.5075e7	0.9715202000000003
3.5125e7	0.9721367000000003
3.5175e7	0.9727515000000003
3.5225e7	0.9733541000000003
3.5275e7	0.9739485000000003
3.5325e7	0.9745234000000004
3.5375e7	0.9751043000000004
3.5425e7	0.9756435000000003
3.5475e7	0.9761776000000003
3.5525e7	0.9767076000000003
3.5575e7	0.9772352000000003
3.5625e7	0.9777436000000003
3.5675e7	0.9782510000000003
3.5725e7	0.9787327000000003
3.5775e7	0.9792166000000003
3.5825e7	0.9796924000000004
3.5875e7	0.9801632000000003
3.5925e7	0.9806357000000003
3.5975e7	0.9810835000000003
3.6025e7	0.9815238000000003
3.6075e7	0.9819506000000002
3.6125e7	0.9823687000000002
3.6175e7	0.9827838000000002
3.6225e7	0.9831868000000002
3.6275e7	0.9835817000000002
3.6325e7	0.9839722000000002
3.6375e7	0.9843526000000001
3.6425e7	0.9847280000000002
3.6475e7	0.9850949000000001
3.6525e7	0.9854549000000001
3.6575e7	0.9858080000000001
3.6625e7	0.9861516000000001
3.6675e7	0.9864920000000001
3.6725e7	0.9868180000000002
3.6775e7	0.9871338000000002
3.6825e7	0.9874485000000002
3.6875e7	0.9877661000000002
3.6925e7	0.9880600000000002
3.6975e7	0.9883564000000001
3.7025e7	0.9886499000000001
3.7075e7	0.9889300000000001
3.7125e7	0.9892128000000001
3.7175e7	0.9894813000000001
3.7225e7	0.9897409000000001
3.7275e7	0.9900070000000002
3.7325e7	0.9902562000000001
3.7375e7	0.9905030000000001
3.7425e7	0.9907511000000001
3.7475e7	0.9909836000000001
3.7525e7	0.9912097000000001
3.7575e7	0.9914347000000001
3.7625e7	0.9916549000000001
3.7675e7	0.9918727000000002
3.7725e7	0.9920889000000002
3.7775e7	0.9922865000000002
3.7825e7	0.9924906000000002
3.7875e7	0.9926843000000002
3.7925e7	0.9928708000000002
3.7975e7	0.9930589000000002
3.8025e7	0.9932369000000002
3.8075e7	0.9934110000000002
3.8125e7	0.9935870000000001
3.8175e7	0.9937560000000001
3.8225e7	0.9939267
3.8275e7	0.9940877
3.8325e7	0.9942441
3.8375e7	0.9943968999999999
3.8425e7	0.9945541999999999
3.8475e7	0.9947039
3.8525e7	0.9948404
3.8575e7	0.9949821999999999
3.8625e7	0.9951233999999999
3.8675e7	0.9952564999999999
3.8725e7	0.9953833999999999
3.8775e7	0.9955130999999999
3.8825e7	0.9956375999999999
3.8875e7	0.9957543999999999
3.8925e7	0.9958750999999999
3.8975e7	0.9959881999999999
3.9025e7	0.9960977999999999
3.9075e7	0.9962032
3.9125e7	0.9963164999999999
3.9175e7	0.9964124
3.9225e7	0.9965151999999999
3.9275e7	0.9966124
3.9325e7	0.9967060999999999
3.9375e7	0.9967949999999999
3.9425e7	0.9968863999999998
3.9475e7	0.9969800999999998
3.9525e7	0.9970700999999998
3.9575e7	0.9971563999999998
3.9625e7	0.9972437999999998
3.9675e7	0.9973210999999997
3.9725e7	0.9973952999999998
3.9775e7	0.9974724999999998
3.9825e7	0.9975446999999997
3.9875e7	0.9976145999999997
3.9925e7	0.9976858999999997
3.9975e7	0.9977552999999997
4.0025e7	0.9978178999999997
4.0075e7	0.9978828999999997
4.0125e7	0.9979454999999997
4.0175e7	0.9980075999999997
4.0225e7	0.9980694999999996
4.0275e7	0.9981264999999996
4.0325e7	0.9981816999999996
4.0375e7	0.9982319999999996
4.0425e7	0.9982846999999996
4.0475e7	0.9983343999999996
4.0525e7	0.9983850999999996
4.0575e7	0.9984301999999996
4.0625e7	0.9984766999999996
4.0675e7	0.9985243999999995
4.0725e7	0.9985704999999996
4.0775e7	0.9986123999999996
4.0825e7	0.9986547999999996
4.0875e7	0.9986937999999996
4.0925e7	0.9987346999999996
4.0975e7	0.9987723999999997
4.1025e7	0.9988104999999997
4.1075e7	0.9988491999999997
4.1125e7	0.9988839999999997
4.1175e7	0.9989188999999996
4.1225e7	0.9989530999999996
4.1275e7	0.9989850999999996
4.1325e7	0.9990187999999997
4.1375e7	0.9990505999999997
4.1425e7	0.9990783999999997
4.1475e7	0.9991061999999997
4.1525e7	0.9991346999999997
4.1575e7	0.9991614999999997
4.1625e7	0.9991887999999997
4.1675e7	0.9992141999999996
4.1725e7	0.9992399999999996
4.1775e7	0.9992633999999996
4.1825e7	0.9992867999999996
4.1875e7	0.9993090999999996
4.1925e7	0.9993314999999996
4.1975e7	0.9993529999999996
4.2025e7	0.9993720999999997
4.2075e7	0.9993938999999996
4.2125e7	0.9994149999999996
4.2175e7	0.9994347999999996
4.2225e7	0.9994536999999997
4.2275e7	0.9994682999999996
4.2325e7	0.9994847999999996
4.2375e7	0.9995026999999996
4.2425e7	0.9995187999999996
4.2475e7	0.9995341999999996
4.2525e7	0.9995502999999996
4.2575e7	0.9995689999999996
4.2625e7	0.9995843999999996
4.2675e7	0.9995989999999996
4.2725e7	0.9996128999999996
4.2775e7	0.9996241999999996
4.2825e7	0.9996358999999996
4.2875e7	0.9996477999999995
4.2925e7	0.9996616999999995
4.2975e7	0.9996735999999995
4.3025e7	0.9996849999999995
4.3075e7	0.9996942999999995
4.3125e7	0.9997054999999995
4.3175e7	0.9997152999999994
4.3225e7	0.9997240999999994
4.3275e7	0.9997331999999994
4.3325e7	0.9997426999999994
4.3375e7	0.9997509999999994
4.3425e7	0.9997606999999994
4.3475e7	0.9997686999999994
4.3525e7	0.9997768999999994
4.3575e7	0.9997839999999995
4.3625e7	0.9997917999999995
4.3675e7	0.9997989999999994
4.3725e7	0.9998075999999995
4.3775e7	0.9998137999999994
4.3825e7	0.9998206999999995
4.3875e7	0.9998274999999994
4.3925e7	0.9998335999999994
4.3975e7	0.9998402999999995
4.4025e7	0.9998454999999995
4.4075e7	0.9998512999999994
4.4125e7	0.9998569999999994
4.4175e7	0.9998617999999995
4.4225e7	0.9998663999999995
4.4275e7	0.9998707999999995
4.4325e7	0.9998743999999995
4.4375e7	0.9998800999999995
4.4425e7	0.9998842999999995
4.4475e7	0.9998874999999995
4.4525e7	0.9998912999999995
4.4575e7	0.9998952999999995
4.4625e7	0.9999001999999995
4.4675e7	0.9999037999999995
4.4725e7	0.9999069999999994
4.4775e7	0.9999098999999995
4.4825e7	0.9999122999999994
4.4875e7	0.9999156999999994
4.4925e7	0.9999190999999994
4.4975e7	0.9999225999999994
4.5025e7	0.9999264999999994
4.5075e7	0.9999291999999994
4.5125e7	0.9999318999999994
4.5175e7	0.9999345999999995
4.5225e7	0.9999375999999994
4.5275e7	0.9999396999999994
4.5325e7	0.9999417999999994
4.5375e7	0.9999435999999995
4.5425e7	0.9999454999999995
4.5475e7	0.9999473999999995
4.5525e7	0.9999489999999995
4.5575e7	0.9999509999999995
4.5625e7	0.9999522999999995
4.5675e7	0.9999547999999995
4.5725e7	0.9999566999999995
4.5775e7	0.9999583999999995
4.5825e7	0.9999601999999995
4.5875e7	0.9999613999999996
4.5925e7	0.9999629999999996
4.5975e7	0.9999639999999996
4.6025e7	0.9999657999999997
4.6075e7	0.9999671999999997
4.6125e7	0.9999679999999997
4.6175e7	0.9999695999999998
4.6225e7	0.9999701999999998
4.6275e7	0.9999714999999998
4.6325e7	0.9999729999999998
4.6375e7	0.9999744999999998
4.6425e7	0.9999756999999998
4.6475e7	0.9999769999999998
4.6525e7	0.9999776999999997
4.6575e7	0.9999782999999998
4.6625e7	0.9999789999999997
4.6675e7	0.9999796999999997
4.6725e7	0.9999806999999997
4.6775e7	0.9999815999999997
4.6825e7	0.9999824999999997
4.6875e7	0.9999828999999997
4.6925e7	0.9999832999999997
4.6975e7	0.9999840999999997
4.7025e7	0.9999848999999997
4.7075e7	0.9999850999999997
4.7125e7	0.9999858999999998
4.7175e7	0.9999862999999998
4.7225e7	0.9999868999999998
4.7275e7	0.9999868999999998
4.7325e7	0.9999874999999998
4.7375e7	0.9999879999999998
4.7425e7	0.9999885999999998
4.7475e7	0.9999890999999997
4.7525e7	0.9999895999999997
4.7575e7	0.9999898999999997
4.7625e7	0.9999904999999997
4.7675e7	0.9999909999999996
4.7725e7	0.9999911999999996
4.7775e7	0.9999912999999996
4.7825e7	0.9999914999999996
4.7875e7	0.9999916999999996
4.7925e7	0.9999918999999996
4.7975e7	0.9999924999999996
4.8025e7	0.9999929999999996
4.8075e7	0.9999932999999995
4.8125e7	0.9999935999999995
4.8175e7	0.9999938999999994
4.8225e7	0.9999944999999995
4.8275e7	0.9999949999999994
4.8325e7	0.9999953999999994
4.8375e7	0.9999954999999994
4.8425e7	0.9999954999999994
4.8475e7	0.9999959999999993
4.8525e7	0.9999960999999993
4.8575e7	0.9999963999999992
4.8625e7	0.9999964999999992
4.8675e7	0.9999965999999991
4.8725e7	0.9999966999999991
4.8775e7	0.9999968999999991
4.8825e7	0.999996999999999
4.8875e7	0.999997299999999
4.8925e7	0.999997499999999
4.8975e7	0.9999975999999989
4.9025e7	0.9999976999999989
4.9075e7	0.9999978999999989
4.9125e7	0.9999979999999988
4.9175e7	0.9999979999999988
4.9225e7	0.9999979999999988
4.9275e7	0.9999980999999988
4.9325e7	0.9999981999999987
4.9375e7	0.9999982999999987
4.9425e7	0.9999983999999986
4.9475e7	0.9999983999999986
4.9525e7	0.9999984999999986
4.9575e7	0.9999986999999986
4.9625e7	0.9999986999999986
4.9675e7	0.9999986999999986
4.9725e7	0.9999986999999986
4.9775e7	0.9999986999999986
4.9825e7	0.9999987999999985
4.9875e7	0.9999989999999985
4.9925e7	0.9999989999999985
4.9975e7	0.9999989999999985
5.0025e7	0.9999989999999985
5.0075e7	0.9999989999999985
5.0125e7	0.9999990999999985
5.0175e7	0.9999991999999984
5.0225e7	0.9999992999999984
5.0275e7	0.9999992999999984
5.0325e7	0.9999992999999984
5.0375e7	0.9999992999999984
5.0425e7	0.9999993999999983
5.0475e7	0.9999993999999983
5.0525e7	0.9999993999999983
5.0575e7	0.9999993999999983
5.0625e7	0.9999994999999983
5.0675e7	0.9999995999999982
5.0725e7	0.9999995999999982
5.0775e7	0.9999995999999982
5.0825e7	0.9999995999999982
5.0875e7	0.9999996999999982
5.0925e7	0.9999996999999982
5.0975e7	0.9999996999999982
5.1025e7	0.9999996999999982
5.1075e7	0.9999996999999982
5.1125e7	0.9999996999999982
5.1175e7	0.9999996999999982
5.1225e7	0.9999996999999982
5.1275e7	0.9999996999999982
5.1325e7	0.9999996999999982
5.1375e7	0.9999996999999982
5.1425e7	0.9999996999999982
5.1475e7	0.9999996999999982
5.1525e7	0.9999997999999981
5.1575e7	0.999999899999998
5.1625e7	0.999999899999998
5.1675e7	0.999999899999998
5.1725e7	0.999999899999998
5.1775e7	0.999999899999998
5.1825e7	0.999999899999998
5.1875e7	0.999999899999998
5.1925e7	0.999999899999998
5.1975e7	0.999999899999998
5.2025e7	0.999999899999998
5.2075e7	0.999999899999998
5.2125e7	0.999999899999998
5.2175e7	0.999999899999998
5.2225e7	0.999999899999998
5.2275e7	0.999999899999998
5.2325e7	0.999999899999998
5.2375e7	0.999999899999998
5.2425e7	0.999999899999998
5.2475e7	0.999999899999998
5.2525e7	0.999999899999998
5.2575e7	0.999999899999998
5.2625e7	0.999999899999998
5.2675e7	0.999999899999998
5.2725e7	0.999999899999998
5.2775e7	0.999999899999998
5.2825e7	0.999999999999998
