x	y
170000.0	1.0e-6
190000.0	1.0e-6
210000.0	1.0e-6
230000.0	1.0e-6
250000.0	1.0e-6
270000.0	1.0e-6
290000.0	1.0e-6
310000.0	1.0e-6
330000.0	1.0e-6
350000.0	1.0e-6
370000.0	1.0e-6
390000.0	1.0e-6
410000.0	1.0e-6
430000.0	1.0e-6
450000.0	1.0e-6
470000.0	1.0e-6
490000.0	2.0e-6
510000.0	2.0e-6
530000.0	2.0e-6
550000.0	2.0e-6
570000.0	2.0e-6
590000.0	2.0e-6
610000.0	2.0e-6
630000.0	2.0e-6
650000.0	2.0e-6
670000.0	3.0e-6
690000.0	3.0e-6
710000.0	3.0e-6
730000.0	3.0e-6
750000.0	3.0e-6
770000.0	3.0e-6
790000.0	3.0e-6
810000.0	3.0e-6
830000.0	4.0e-6
850000.0	4.0e-6
870000.0	4.0e-6
890000.0	4.0e-6
910000.0	4.0e-6
930000.0	4.0e-6
950000.0	4.0e-6
970000.0	4.0e-6
990000.0	4.9999999999999996e-6
1.01e6	4.9999999999999996e-6
1.03e6	6.999999999999999e-6
1.05e6	8.0e-6
1.07e6	8.0e-6
1.09e6	8.0e-6
1.11e6	8.0e-6
1.13e6	8.0e-6
1.15e6	8.0e-6
1.17e6	8.0e-6
1.19e6	9.999999999999999e-6
1.21e6	9.999999999999999e-6
1.23e6	1.1999999999999999e-5
1.25e6	1.7e-5
1.27e6	1.8e-5
1.29e6	2.2e-5
1.31e6	2.4e-5
1.33e6	2.6000000000000002e-5
1.35e6	2.8000000000000003e-5
1.37e6	2.9000000000000004e-5
1.39e6	3.0000000000000004e-5
1.41e6	3.1e-5
1.43e6	3.3e-5
1.45e6	3.5000000000000004e-5
1.47e6	3.7000000000000005e-5
1.49e6	3.8e-5
1.51e6	4.0e-5
1.53e6	4.4000000000000006e-5
1.55e6	4.800000000000001e-5
1.57e6	5.1000000000000006e-5
1.59e6	5.300000000000001e-5
1.61e6	5.500000000000001e-5
1.63e6	5.700000000000001e-5
1.65e6	6.400000000000001e-5
1.67e6	6.800000000000001e-5
1.69e6	7.500000000000001e-5
1.71e6	7.800000000000001e-5
1.73e6	8.200000000000001e-5
1.75e6	8.200000000000001e-5
1.77e6	9.200000000000001e-5
1.79e6	0.00010200000000000001
1.81e6	0.00010400000000000001
1.83e6	0.000111
1.85e6	0.00012
1.87e6	0.000126
1.89e6	0.000137
1.91e6	0.000145
1.93e6	0.000153
1.95e6	0.00015800000000000002
1.97e6	0.00016600000000000002
1.99e6	0.00017900000000000001
2.01e6	0.000192
2.03e6	0.0002
2.05e6	0.00021
2.07e6	0.000232
2.09e6	0.000249
2.11e6	0.00026399999999999997
2.13e6	0.000287
2.15e6	0.000308
2.17e6	0.000328
2.19e6	0.000344
2.21e6	0.000366
2.23e6	0.000384
2.25e6	0.000404
2.27e6	0.000429
2.29e6	0.000455
2.31e6	0.00048
2.33e6	0.000508
2.35e6	0.000536
2.37e6	0.00058
2.39e6	0.000613
2.41e6	0.000647
2.43e6	0.000686
2.45e6	0.00074
2.47e6	0.000788
2.49e6	0.0008359999999999999
2.51e6	0.000878
2.53e6	0.000924
2.55e6	0.000979
2.57e6	0.001044
2.59e6	0.00111
2.61e6	0.001193
2.63e6	0.0012720000000000001
2.65e6	0.0013280000000000002
2.67e6	0.0014100000000000002
2.69e6	0.0015000000000000002
2.71e6	0.0015950000000000003
2.73e6	0.0016840000000000004
2.75e6	0.0017880000000000003
2.77e6	0.0018860000000000003
2.79e6	0.0019850000000000002
2.81e6	0.0020930000000000002
2.83e6	0.0021990000000000004
2.85e6	0.0022920000000000006
2.87e6	0.0024230000000000007
2.89e6	0.0025660000000000006
2.91e6	0.0027060000000000005
2.93e6	0.0028420000000000003
2.95e6	0.0029820000000000003
2.97e6	0.0031430000000000004
2.99e6	0.003295
3.01e6	0.003454
3.03e6	0.003631
3.05e6	0.003803
3.07e6	0.004003
3.09e6	0.004188
3.11e6	0.004386
3.13e6	0.004623
3.15e6	0.0048460000000000005
3.17e6	0.005076000000000001
3.19e6	0.0053100000000000005
3.21e6	0.005553000000000001
3.23e6	0.005817000000000001
3.25e6	0.006098000000000001
3.27e6	0.006409000000000001
3.29e6	0.006698000000000001
3.31e6	0.007013000000000001
3.33e6	0.007385000000000001
3.35e6	0.007708000000000001
3.37e6	0.008118000000000002
3.39e6	0.008466000000000001
3.41e6	0.008881000000000002
3.43e6	0.009300000000000001
3.45e6	0.009738
3.47e6	0.010215
3.49e6	0.010685
3.51e6	0.011146
3.53e6	0.011663999999999999
3.55e6	0.012167999999999998
3.57e6	0.012689999999999998
3.59e6	0.013235999999999998
3.61e6	0.013794999999999998
3.63e6	0.014392999999999998
3.65e6	0.014966999999999998
3.67e6	0.015627
3.69e6	0.016284
3.71e6	0.016975
3.73e6	0.017675
3.75e6	0.018421
3.77e6	0.019189
3.79e6	0.01999
3.81e6	0.020864
3.83e6	0.021716
3.85e6	0.022578
3.87e6	0.023528
3.89e6	0.024479
3.91e6	0.025425
3.93e6	0.026425
3.95e6	0.027450000000000002
3.97e6	0.028555000000000004
3.99e6	0.029583000000000005
4.01e6	0.030712000000000007
4.03e6	0.031948000000000004
4.05e6	0.033175
4.07e6	0.03445
4.09e6	0.035808
4.11e6	0.037155
4.13e6	0.038523
4.15e6	0.039921
4.17e6	0.041409
4.19e6	0.042914
4.21e6	0.044336
4.23e6	0.045903
4.25e6	0.047534
4.27e6	0.049213
4.29e6	0.050923
4.31e6	0.052715000000000005
4.33e6	0.054532000000000004
4.35e6	0.056327
4.37e6	0.058262
4.39e6	0.060208000000000005
4.41e6	0.062214000000000005
4.43e6	0.064289
4.45e6	0.066411
4.47e6	0.068646
4.49e6	0.070877
4.51e6	0.073237
4.53e6	0.075579
4.55e6	0.077855
4.57e6	0.08034799999999999
4.59e6	0.082837
4.61e6	0.08539999999999999
4.63e6	0.08803099999999998
4.65e6	0.09062699999999999
4.67e6	0.09330999999999999
4.69e6	0.09617599999999998
4.71e6	0.09911499999999998
4.73e6	0.10206299999999999
4.75e6	0.10503599999999999
4.77e6	0.10816999999999999
4.79e6	0.11125999999999998
4.81e6	0.11453599999999999
4.83e6	0.11774299999999999
4.85e6	0.12098099999999999
4.87e6	0.124258
4.89e6	0.127752
4.91e6	0.131334
4.93e6	0.134996
4.95e6	0.138692
4.97e6	0.14244
4.99e6	0.14633000000000002
5.01e6	0.150261
5.03e6	0.1542
5.05e6	0.158089
5.07e6	0.162101
5.09e6	0.166162
5.11e6	0.170354
5.13e6	0.174628
5.15e6	0.17902300000000002
5.17e6	0.18350400000000003
5.19e6	0.18797800000000003
5.21e6	0.19240000000000004
5.23e6	0.19686600000000004
5.25e6	0.20150900000000005
5.27e6	0.20633100000000004
5.29e6	0.21105700000000005
5.31e6	0.21581400000000006
5.33e6	0.22085800000000005
5.35e6	0.22598600000000005
5.37e6	0.23115600000000006
5.39e6	0.23642300000000005
5.41e6	0.24163000000000004
5.43e6	0.24684800000000004
5.45e6	0.25209300000000007
5.47e6	0.25746900000000006
5.49e6	0.26296100000000006
5.51e6	0.26842800000000006
5.53e6	0.2738940000000001
5.55e6	0.2796140000000001
5.57e6	0.28526200000000007
5.59e6	0.2909070000000001
5.61e6	0.2967560000000001
5.63e6	0.3025230000000001
5.65e6	0.3083930000000001
5.67e6	0.3143510000000001
5.69e6	0.3202970000000001
5.71e6	0.3263250000000001
5.73e6	0.3323740000000001
5.75e6	0.3384510000000001
5.77e6	0.3446450000000001
5.79e6	0.35073100000000007
5.81e6	0.35694800000000004
5.83e6	0.363204
5.85e6	0.36939000000000005
5.87e6	0.37570900000000007
5.89e6	0.38194000000000006
5.91e6	0.38831200000000005
5.93e6	0.39456
5.95e6	0.40096000000000004
5.97e6	0.407438
5.99e6	0.41397700000000004
6.01e6	0.42060700000000006
6.03e6	0.42726800000000004
6.05e6	0.433829
6.07e6	0.440448
6.09e6	0.447112
6.11e6	0.453679
6.13e6	0.460399
6.15e6	0.467041
6.17e6	0.473682
6.19e6	0.48036
6.21e6	0.486857
6.23e6	0.49338299999999996
6.25e6	0.49991099999999994
6.27e6	0.506501
6.29e6	0.512938
6.31e6	0.519493
6.33e6	0.526042
6.35e6	0.532715
6.37e6	0.539456
6.39e6	0.546139
6.41e6	0.5527350000000001
6.43e6	0.5593250000000001
6.45e6	0.5660280000000001
6.47e6	0.5727090000000001
6.49e6	0.5792150000000001
6.51e6	0.5858340000000002
6.53e6	0.5924480000000002
6.55e6	0.5987880000000002
6.57e6	0.6052470000000002
6.59e6	0.6117440000000002
6.61e6	0.6182040000000002
6.63e6	0.6245280000000002
6.65e6	0.6308160000000002
6.67e6	0.6371410000000002
6.69e6	0.6433270000000002
6.71e6	0.6495130000000002
6.73e6	0.6557080000000002
6.75e6	0.6618420000000002
6.77e6	0.6679570000000001
6.79e6	0.6739700000000002
6.81e6	0.6798600000000001
6.83e6	0.6856990000000002
6.85e6	0.6916240000000001
6.87e6	0.6974570000000001
6.89e6	0.7032190000000001
6.91e6	0.7089930000000001
6.93e6	0.7147020000000001
6.95e6	0.720353
6.97e6	0.725911
6.99e6	0.7314109999999999
7.01e6	0.7367499999999999
7.03e6	0.7421649999999999
7.05e6	0.7475019999999999
7.07e6	0.7527219999999999
7.09e6	0.7579229999999999
7.11e6	0.7631349999999999
7.13e6	0.7681649999999999
7.15e6	0.7731889999999999
7.17e6	0.778202
7.19e6	0.7831859999999999
7.21e6	0.787998
7.23e6	0.792752
7.25e6	0.7973210000000001
7.27e6	0.801933
7.29e6	0.806451
7.31e6	0.811037
7.33e6	0.815439
7.35e6	0.819751
7.37e6	0.824066
7.39e6	0.82848
7.41e6	0.832723
7.43e6	0.836807
7.45e6	0.840903
7.47e6	0.8449099999999999
7.49e6	0.8488779999999999
7.51e6	0.8527629999999999
7.53e6	0.856529
7.55e6	0.8603149999999999
7.57e6	0.863991
7.59e6	0.8675999999999999
7.61e6	0.8710459999999999
7.63e6	0.8743889999999999
7.65e6	0.8778059999999999
7.67e6	0.8811909999999998
7.69e6	0.8844519999999998
7.71e6	0.8876489999999998
7.73e6	0.8907699999999998
7.75e6	0.8938299999999998
7.77e6	0.8968369999999998
7.79e6	0.8998399999999998
7.81e6	0.9026859999999998
7.83e6	0.9054049999999998
7.85e6	0.9081879999999998
7.87e6	0.9109359999999997
7.89e6	0.9135569999999997
7.91e6	0.9162049999999997
7.93e6	0.9187319999999997
7.95e6	0.9211879999999997
7.97e6	0.9234729999999997
7.99e6	0.9258089999999997
8.01e6	0.9281449999999997
8.03e6	0.9303929999999997
8.05e6	0.9326509999999997
8.07e6	0.9347949999999997
8.09e6	0.9369059999999997
8.11e6	0.9389069999999997
8.13e6	0.9408849999999997
8.15e6	0.9428269999999997
8.17e6	0.9447619999999998
8.19e6	0.9466229999999998
8.21e6	0.9483969999999998
8.23e6	0.9501589999999999
8.25e6	0.9517759999999998
8.27e6	0.9534639999999999
8.29e6	0.9550489999999998
8.31e6	0.9565779999999998
8.33e6	0.9580579999999999
8.35e6	0.9595659999999998
8.37e6	0.9609839999999998
8.39e6	0.9623369999999999
8.41e6	0.9636599999999999
8.43e6	0.9649049999999999
8.45e6	0.9660949999999999
8.47e6	0.96732
8.49e6	0.968548
8.51e6	0.969756
8.53e6	0.9709019999999999
8.55e6	0.9720009999999999
8.57e6	0.9730319999999999
8.59e6	0.9740469999999999
8.61e6	0.9749889999999999
8.63e6	0.9759229999999999
8.65e6	0.9768449999999999
8.67e6	0.9777049999999998
8.69e6	0.9785459999999998
8.71e6	0.9793509999999997
8.73e6	0.9801749999999998
8.75e6	0.9809769999999998
8.77e6	0.9817359999999997
8.79e6	0.9824529999999997
8.81e6	0.9831939999999997
8.83e6	0.9838889999999997
8.85e6	0.9845559999999997
8.87e6	0.9851869999999997
8.89e6	0.9857929999999997
8.91e6	0.9863619999999997
8.93e6	0.9869609999999998
8.95e6	0.9874949999999998
8.97e6	0.9880369999999998
8.99e6	0.9885769999999998
9.01e6	0.9890579999999998
9.03e6	0.9894989999999998
9.05e6	0.9899639999999998
9.07e6	0.9903719999999998
9.09e6	0.9907799999999998
9.11e6	0.9911939999999998
9.13e6	0.9916029999999998
9.15e6	0.9919609999999998
9.17e6	0.9923059999999998
9.19e6	0.9926189999999998
9.21e6	0.9929629999999998
9.23e6	0.9932679999999998
9.25e6	0.9935589999999999
9.27e6	0.9938649999999999
9.29e6	0.9941369999999999
9.31e6	0.994416
9.33e6	0.994675
9.35e6	0.9949209999999999
9.37e6	0.995161
9.39e6	0.995389
9.41e6	0.99563
9.43e6	0.995847
9.45e6	0.996043
9.47e6	0.996252
9.49e6	0.996413
9.51e6	0.996595
9.53e6	0.996769
9.55e6	0.996941
9.57e6	0.9970979999999999
9.59e6	0.997246
9.61e6	0.997374
9.63e6	0.99751
9.65e6	0.997639
9.67e6	0.9977630000000001
9.69e6	0.9978840000000001
9.71e6	0.9980130000000002
9.73e6	0.9981150000000002
9.75e6	0.9981980000000003
9.77e6	0.9982750000000002
9.79e6	0.9983580000000003
9.81e6	0.9984480000000003
9.83e6	0.9985290000000003
9.85e6	0.9986050000000003
9.87e6	0.9986640000000003
9.89e6	0.9987440000000003
9.91e6	0.9988150000000003
9.93e6	0.9988800000000003
9.95e6	0.9989330000000003
9.97e6	0.9989930000000002
9.99e6	0.9990570000000002
1.001e7	0.9990960000000002
1.003e7	0.9991500000000002
1.005e7	0.9992030000000002
1.007e7	0.9992630000000001
1.009e7	0.9992960000000001
1.011e7	0.9993400000000001
1.013e7	0.9993690000000001
1.015e7	0.999407
1.017e7	0.999442
1.019e7	0.9994630000000001
1.021e7	0.999492
1.023e7	0.99953
1.025e7	0.999542
1.027e7	0.9995740000000001
1.029e7	0.999596
1.031e7	0.999625
1.033e7	0.999648
1.035e7	0.999674
1.037e7	0.9996889999999999
1.039e7	0.999709
1.041e7	0.999722
1.043e7	0.999736
1.045e7	0.999753
1.047e7	0.999772
1.049e7	0.999789
1.051e7	0.9998090000000001
1.053e7	0.999823
1.055e7	0.999829
1.057e7	0.9998389999999999
1.059e7	0.9998489999999999
1.061e7	0.9998569999999999
1.063e7	0.9998639999999999
1.065e7	0.9998759999999999
1.067e7	0.9998829999999999
1.069e7	0.9998899999999998
1.071e7	0.9998959999999998
1.073e7	0.9998999999999998
1.075e7	0.9999049999999998
1.077e7	0.9999099999999999
1.079e7	0.9999129999999998
1.081e7	0.9999199999999998
1.083e7	0.9999249999999998
1.085e7	0.9999279999999998
1.087e7	0.9999319999999998
1.089e7	0.9999389999999998
1.091e7	0.9999419999999998
1.093e7	0.9999469999999998
1.095e7	0.9999519999999998
1.097e7	0.9999549999999998
1.099e7	0.9999579999999998
1.101e7	0.9999589999999998
1.103e7	0.9999619999999998
1.105e7	0.9999659999999998
1.107e7	0.9999689999999998
1.109e7	0.9999709999999997
1.111e7	0.9999739999999997
1.113e7	0.9999749999999997
1.115e7	0.9999789999999997
1.117e7	0.9999799999999998
1.119e7	0.9999819999999997
1.121e7	0.9999819999999997
1.123e7	0.9999829999999997
1.125e7	0.9999849999999997
1.127e7	0.9999859999999997
1.129e7	0.9999879999999997
1.131e7	0.9999889999999997
1.133e7	0.9999889999999997
1.135e7	0.9999889999999997
1.137e7	0.9999909999999996
1.139e7	0.9999909999999996
1.141e7	0.9999909999999996
1.143e7	0.9999919999999997
1.145e7	0.9999929999999997
1.147e7	0.9999929999999997
1.149e7	0.9999929999999997
1.151e7	0.9999929999999997
1.153e7	0.9999929999999997
1.155e7	0.9999929999999997
1.157e7	0.9999929999999997
1.159e7	0.9999949999999996
1.161e7	0.9999949999999996
1.163e7	0.9999949999999996
1.165e7	0.9999949999999996
1.167e7	0.9999959999999997
1.169e7	0.9999959999999997
1.171e7	0.9999959999999997
1.173e7	0.9999969999999997
1.175e7	0.9999969999999997
1.177e7	0.9999969999999997
1.179e7	0.9999969999999997
1.181e7	0.9999969999999997
1.183e7	0.9999969999999997
1.185e7	0.9999979999999997
1.187e7	0.9999979999999997
1.189e7	0.9999979999999997
1.191e7	0.9999979999999997
1.193e7	0.9999979999999997
1.195e7	0.9999989999999997
1.197e7	0.9999999999999998
