x	y
-5.07e6	1.0e-6
-5.05e6	2.0e-6
-5.03e6	2.0e-6
-5.01e6	2.0e-6
-4.99e6	2.0e-6
-4.97e6	2.0e-6
-4.95e6	3.0e-6
-4.93e6	3.0e-6
-4.91e6	4.0e-6
-4.89e6	4.0e-6
-4.87e6	4.0e-6
-4.85e6	4.0e-6
-4.83e6	4.9999999999999996e-6
-4.81e6	4.9999999999999996e-6
-4.79e6	5.999999999999999e-6
-4.77e6	5.999999999999999e-6
-4.75e6	6.999999999999999e-6
-4.73e6	8.0e-6
-4.71e6	9.0e-6
-4.69e6	1.0e-5
-4.67e6	1.1000000000000001e-5
-4.65e6	1.1000000000000001e-5
-4.63e6	1.1000000000000001e-5
-4.61e6	1.2000000000000002e-5
-4.59e6	1.3000000000000003e-5
-4.57e6	1.4000000000000003e-5
-4.55e6	1.6000000000000003e-5
-4.53e6	1.8000000000000004e-5
-4.51e6	2.0000000000000005e-5
-4.49e6	2.1000000000000006e-5
-4.47e6	2.2000000000000006e-5
-4.45e6	2.2000000000000006e-5
-4.43e6	2.4000000000000007e-5
-4.41e6	2.8000000000000006e-5
-4.39e6	3.0000000000000008e-5
-4.37e6	3.2000000000000005e-5
-4.35e6	3.3e-5
-4.33e6	3.8e-5
-4.31e6	4.0e-5
-4.29e6	4.4000000000000006e-5
-4.27e6	4.7000000000000004e-5
-4.25e6	5.2000000000000004e-5
-4.23e6	5.4000000000000005e-5
-4.21e6	6.000000000000001e-5
-4.19e6	6.300000000000001e-5
-4.17e6	6.600000000000002e-5
-4.15e6	6.900000000000002e-5
-4.13e6	7.500000000000002e-5
-4.11e6	7.800000000000003e-5
-4.09e6	8.300000000000003e-5
-4.07e6	8.800000000000002e-5
-4.05e6	9.300000000000002e-5
-4.03e6	0.00010200000000000003
-4.01e6	0.00010400000000000002
-3.99e6	0.00011200000000000003
-3.97e6	0.00011600000000000003
-3.95e6	0.00012400000000000003
-3.93e6	0.00013100000000000004
-3.91e6	0.00014400000000000003
-3.89e6	0.00015500000000000003
-3.87e6	0.00016100000000000004
-3.85e6	0.00016900000000000004
-3.83e6	0.00017600000000000005
-3.81e6	0.00019200000000000006
-3.79e6	0.00019900000000000007
-3.77e6	0.00021800000000000007
-3.75e6	0.00023800000000000007
-3.73e6	0.0002530000000000001
-3.71e6	0.0002630000000000001
-3.69e6	0.0002750000000000001
-3.67e6	0.0002950000000000001
-3.65e6	0.00030500000000000015
-3.63e6	0.00032000000000000013
-3.61e6	0.0003440000000000001
-3.59e6	0.00037600000000000014
-3.57e6	0.00040000000000000013
-3.55e6	0.00042100000000000015
-3.53e6	0.00044300000000000014
-3.51e6	0.0004690000000000001
-3.49e6	0.0004990000000000001
-3.47e6	0.000524
-3.45e6	0.0005570000000000001
-3.43e6	0.000595
-3.41e6	0.0006320000000000001
-3.39e6	0.0006680000000000001
-3.37e6	0.0007010000000000001
-3.35e6	0.0007350000000000001
-3.33e6	0.0007750000000000001
-3.31e6	0.0008110000000000001
-3.29e6	0.0008590000000000001
-3.27e6	0.000915
-3.25e6	0.000961
-3.23e6	0.001003
-3.21e6	0.00105
-3.19e6	0.0010869999999999999
-3.17e6	0.001153
-3.15e6	0.001212
-3.13e6	0.001267
-3.11e6	0.001326
-3.09e6	0.001403
-3.07e6	0.0014839999999999999
-3.05e6	0.0015619999999999998
-3.03e6	0.0016269999999999998
-3.01e6	0.0017179999999999997
-2.99e6	0.0018159999999999997
-2.97e6	0.0018949999999999998
-2.95e6	0.0019999999999999996
-2.93e6	0.0020899999999999994
-2.91e6	0.0022019999999999995
-2.89e6	0.0023149999999999993
-2.87e6	0.0024329999999999994
-2.85e6	0.0025459999999999992
-2.83e6	0.0026839999999999993
-2.81e6	0.0028109999999999993
-2.79e6	0.0029679999999999993
-2.77e6	0.0031129999999999994
-2.75e6	0.0032789999999999994
-2.73e6	0.0034219999999999993
-2.71e6	0.003587999999999999
-2.69e6	0.0037389999999999993
-2.67e6	0.003907999999999999
-2.65e6	0.004110999999999999
-2.63e6	0.004297999999999999
-2.61e6	0.004530999999999999
-2.59e6	0.0047399999999999986
-2.57e6	0.004952999999999998
-2.55e6	0.005206999999999998
-2.53e6	0.005446999999999998
-2.51e6	0.005689999999999998
-2.49e6	0.005961999999999998
-2.47e6	0.006206999999999997
-2.45e6	0.006472999999999997
-2.43e6	0.006757999999999997
-2.41e6	0.007053999999999997
-2.39e6	0.007371999999999997
-2.37e6	0.007695999999999996
-2.35e6	0.008030999999999996
-2.33e6	0.008351999999999997
-2.31e6	0.008716999999999997
-2.29e6	0.009115999999999997
-2.27e6	0.009494999999999996
-2.25e6	0.009915999999999996
-2.23e6	0.010311999999999997
-2.21e6	0.010748999999999996
-2.19e6	0.011206999999999996
-2.17e6	0.011684999999999996
-2.15e6	0.012148999999999997
-2.13e6	0.012630999999999996
-2.11e6	0.013106999999999997
-2.09e6	0.013680999999999997
-2.07e6	0.014260999999999998
-2.05e6	0.014812999999999998
-2.03e6	0.015398999999999998
-2.01e6	0.016012
-1.99e6	0.016651
-1.97e6	0.017294999999999998
-1.95e6	0.017960999999999998
-1.93e6	0.018687
-1.91e6	0.019469999999999998
-1.89e6	0.020179999999999997
-1.87e6	0.020941999999999995
-1.85e6	0.021706999999999997
-1.83e6	0.022487999999999998
-1.81e6	0.023305999999999997
-1.79e6	0.024218999999999997
-1.77e6	0.025044999999999998
-1.75e6	0.025924
-1.73e6	0.026892
-1.71e6	0.027802999999999998
-1.69e6	0.028772999999999996
-1.67e6	0.029775999999999997
-1.65e6	0.030850999999999996
-1.63e6	0.032006999999999994
-1.61e6	0.03314899999999999
-1.59e6	0.03433999999999999
-1.57e6	0.03554299999999999
-1.55e6	0.03675599999999999
-1.53e6	0.03802499999999999
-1.51e6	0.03930799999999999
-1.49e6	0.04063799999999999
-1.47e6	0.041969999999999986
-1.45e6	0.043389999999999984
-1.43e6	0.044834999999999986
-1.41e6	0.046311999999999985
-1.39e6	0.04783999999999999
-1.37e6	0.04936699999999999
-1.35e6	0.05102799999999999
-1.33e6	0.05261499999999999
-1.31e6	0.05429399999999999
-1.29e6	0.055976999999999985
-1.27e6	0.05772999999999998
-1.25e6	0.05949099999999998
-1.23e6	0.06136999999999998
-1.21e6	0.06330199999999998
-1.19e6	0.06521099999999998
-1.17e6	0.06720999999999998
-1.15e6	0.06932399999999998
-1.13e6	0.07146299999999998
-1.11e6	0.07360799999999998
-1.09e6	0.07583599999999997
-1.07e6	0.07807999999999997
-1.05e6	0.08039799999999997
-1.03e6	0.08273299999999997
-1.01e6	0.08506399999999997
-990000.0	0.08741499999999998
-970000.0	0.08995999999999998
-950000.0	0.09243999999999998
-930000.0	0.09502699999999999
-910000.0	0.09767399999999998
-890000.0	0.10043999999999999
-870000.0	0.10320099999999999
-850000.0	0.10597499999999999
-830000.0	0.10881499999999998
-810000.0	0.11167199999999998
-790000.0	0.11460199999999998
-770000.0	0.11764599999999999
-750000.0	0.12073999999999999
-730000.0	0.12385699999999998
-710000.0	0.127125
-690000.0	0.13036699999999998
-670000.0	0.133591
-650000.0	0.13694099999999998
-630000.0	0.14029299999999997
-610000.0	0.14375499999999997
-590000.0	0.14726499999999998
-570000.0	0.150887
-550000.0	0.15445699999999998
-530000.0	0.15816299999999997
-510000.0	0.16192199999999998
-490000.0	0.16571799999999998
-470000.0	0.169532
-450000.0	0.17345999999999998
-430000.0	0.177358
-410000.0	0.181412
-390000.0	0.18542
-370000.0	0.189609
-350000.0	0.193865
-330000.0	0.198101
-310000.0	0.202383
-290000.0	0.206761
-270000.0	0.211144
-250000.0	0.21554299999999998
-230000.0	0.22000799999999998
-210000.0	0.22455299999999997
-190000.0	0.22918599999999997
-170000.0	0.23378799999999997
-150000.0	0.23848499999999997
-130000.0	0.24310899999999996
-110000.0	0.24789699999999995
-90000.0	0.252918
-70000.0	0.25787099999999996
-50000.0	0.26287099999999997
-30000.0	0.267821
-10000.0	0.272854
10000.0	0.277875
30000.0	0.282943
50000.0	0.288167
70000.0	0.293443
90000.0	0.298728
110000.0	0.304044
130000.0	0.309369
150000.0	0.31477900000000003
170000.0	0.32034700000000005
190000.0	0.32586400000000004
210000.0	0.33138100000000004
230000.0	0.33696600000000004
250000.0	0.342718
270000.0	0.34846900000000003
290000.0	0.35391900000000004
310000.0	0.35955000000000004
330000.0	0.36507900000000004
350000.0	0.37091
370000.0	0.376609
390000.0	0.38237200000000005
410000.0	0.38823900000000006
430000.0	0.39407000000000003
450000.0	0.40002000000000004
470000.0	0.40596000000000004
490000.0	0.41184100000000007
510000.0	0.41789300000000007
530000.0	0.4237850000000001
550000.0	0.4296920000000001
570000.0	0.43566600000000005
590000.0	0.44177700000000003
610000.0	0.447676
630000.0	0.45359900000000003
650000.0	0.459525
670000.0	0.46558900000000003
690000.0	0.471644
710000.0	0.47772000000000003
730000.0	0.48381100000000005
750000.0	0.49004400000000004
770000.0	0.496078
790000.0	0.50219
810000.0	0.508294
830000.0	0.514324
850000.0	0.520373
870000.0	0.526447
890000.0	0.532446
910000.0	0.538387
930000.0	0.5443579999999999
950000.0	0.5502409999999999
970000.0	0.5561529999999999
990000.0	0.5620949999999999
1.01e6	0.5679899999999999
1.03e6	0.5739089999999999
1.05e6	0.5799709999999999
1.07e6	0.5859409999999999
1.09e6	0.591726
1.11e6	0.597653
1.13e6	0.603443
1.15e6	0.6091719999999999
1.17e6	0.614914
1.19e6	0.620755
1.21e6	0.6264989999999999
1.23e6	0.6321119999999999
1.25e6	0.6378669999999999
1.27e6	0.6436189999999998
1.29e6	0.6492609999999999
1.31e6	0.6549969999999998
1.33e6	0.6605539999999999
1.35e6	0.6659559999999999
1.37e6	0.6714499999999999
1.39e6	0.6768539999999998
1.41e6	0.6821629999999999
1.43e6	0.6874459999999999
1.45e6	0.6927719999999999
1.47e6	0.6981959999999999
1.49e6	0.703355
1.51e6	0.7086389999999999
1.53e6	0.7137189999999999
1.55e6	0.7188419999999999
1.57e6	0.7239289999999998
1.59e6	0.7290039999999999
1.61e6	0.7339839999999999
1.63e6	0.7388329999999999
1.65e6	0.7437489999999999
1.67e6	0.7485019999999999
1.69e6	0.7532609999999998
1.71e6	0.7580099999999999
1.73e6	0.7627719999999999
1.75e6	0.767403
1.77e6	0.771995
1.79e6	0.776533
1.81e6	0.781026
1.83e6	0.785501
1.85e6	0.78991
1.87e6	0.794323
1.89e6	0.798553
1.91e6	0.802643
1.93e6	0.806858
1.95e6	0.81087
1.97e6	0.814971
1.99e6	0.818921
2.01e6	0.8228800000000001
2.03e6	0.826682
2.05e6	0.830621
2.07e6	0.834385
2.09e6	0.8380420000000001
2.11e6	0.841612
2.13e6	0.845304
2.15e6	0.848894
2.17e6	0.852403
2.19e6	0.855845
2.21e6	0.859293
2.23e6	0.862568
2.25e6	0.865886
2.27e6	0.86921
2.29e6	0.872432
2.31e6	0.875565
2.33e6	0.8785540000000001
2.35e6	0.8816670000000001
2.37e6	0.88465
2.39e6	0.887568
2.41e6	0.8904150000000001
2.43e6	0.893333
2.45e6	0.8960480000000001
2.47e6	0.898757
2.49e6	0.901351
2.51e6	0.903965
2.53e6	0.906474
2.55e6	0.908909
2.57e6	0.911354
2.59e6	0.913691
2.61e6	0.915971
2.63e6	0.918241
2.65e6	0.920439
2.67e6	0.922686
2.69e6	0.924836
2.71e6	0.926984
2.73e6	0.929053
2.75e6	0.931117
2.77e6	0.933059
2.79e6	0.9349
2.81e6	0.9368
2.83e6	0.938624
2.85e6	0.940438
2.87e6	0.942139
2.89e6	0.9438989999999999
2.91e6	0.9455629999999999
2.93e6	0.9472299999999999
2.95e6	0.9488909999999999
2.97e6	0.9504069999999999
2.99e6	0.9518249999999999
3.01e6	0.953305
3.03e6	0.954764
3.05e6	0.9561529999999999
3.07e6	0.9575069999999999
3.09e6	0.9588129999999999
3.11e6	0.9601489999999999
3.13e6	0.961428
3.15e6	0.9626859999999999
3.17e6	0.963872
3.19e6	0.965065
3.21e6	0.966255
3.23e6	0.967355
3.25e6	0.968414
3.27e6	0.969513
3.29e6	0.970517
3.31e6	0.971511
3.33e6	0.9725320000000001
3.35e6	0.9734360000000001
3.37e6	0.974346
3.39e6	0.975191
3.41e6	0.9760380000000001
3.43e6	0.9768730000000001
3.45e6	0.9776420000000001
3.47e6	0.9784150000000001
3.49e6	0.9792000000000002
3.51e6	0.9799570000000002
3.53e6	0.9806990000000002
3.55e6	0.9813730000000002
3.57e6	0.9820040000000002
3.59e6	0.9826600000000002
3.61e6	0.9833150000000002
3.63e6	0.9839250000000002
3.65e6	0.9845390000000002
3.67e6	0.9851050000000001
3.69e6	0.9856850000000001
3.71e6	0.9861920000000002
3.73e6	0.9866700000000002
3.75e6	0.9871750000000001
3.77e6	0.9876680000000001
3.79e6	0.9881740000000001
3.81e6	0.9886120000000002
3.83e6	0.9890620000000001
3.85e6	0.9894870000000001
3.87e6	0.9899140000000001
3.89e6	0.9903250000000001
3.91e6	0.9906840000000001
3.93e6	0.9910370000000002
3.95e6	0.9913880000000002
3.97e6	0.9917100000000002
3.99e6	0.9920310000000002
4.01e6	0.9923150000000002
4.03e6	0.9926170000000002
4.05e6	0.9929630000000002
4.07e6	0.9932840000000002
4.09e6	0.9935490000000001
4.11e6	0.9938140000000001
4.13e6	0.9940610000000001
4.15e6	0.9943290000000001
4.17e6	0.9945250000000001
4.19e6	0.9947560000000001
4.21e6	0.9949840000000001
4.23e6	0.99521
4.25e6	0.995413
4.27e6	0.9956119999999999
4.29e6	0.995783
4.31e6	0.995974
4.33e6	0.996139
4.35e6	0.996303
4.37e6	0.9964590000000001
4.39e6	0.9966070000000001
4.41e6	0.9967530000000001
4.43e6	0.9968910000000001
4.45e6	0.9970310000000001
4.47e6	0.9971780000000001
4.49e6	0.9973010000000001
4.51e6	0.9974120000000001
4.53e6	0.9975200000000001
4.55e6	0.997612
4.57e6	0.997716
4.59e6	0.997805
4.61e6	0.9979110000000001
4.63e6	0.9980100000000001
4.65e6	0.9980990000000001
4.67e6	0.9981810000000001
4.69e6	0.9982730000000001
4.71e6	0.9983560000000001
4.73e6	0.9984250000000001
4.75e6	0.9984900000000001
4.77e6	0.9985780000000001
4.79e6	0.9986410000000001
4.81e6	0.9987260000000001
4.83e6	0.9987840000000001
4.85e6	0.9988440000000001
4.87e6	0.9989030000000001
4.89e6	0.998967
4.91e6	0.9990100000000001
4.93e6	0.9990490000000001
4.95e6	0.9991030000000001
4.97e6	0.999156
4.99e6	0.9991990000000001
5.01e6	0.999237
5.03e6	0.999287
5.05e6	0.9993270000000001
5.07e6	0.9993550000000001
5.09e6	0.9993770000000001
5.11e6	0.9994050000000001
5.13e6	0.9994350000000001
5.15e6	0.9994560000000001
5.17e6	0.9994800000000001
5.19e6	0.9995060000000001
5.21e6	0.9995250000000001
5.23e6	0.9995500000000002
5.25e6	0.9995770000000002
5.27e6	0.9996010000000002
5.29e6	0.9996170000000002
5.31e6	0.9996300000000002
5.33e6	0.9996470000000003
5.35e6	0.9996690000000003
5.37e6	0.9996860000000003
5.39e6	0.9997010000000003
5.41e6	0.9997140000000003
5.43e6	0.9997300000000003
5.45e6	0.9997460000000004
5.47e6	0.9997580000000004
5.49e6	0.9997700000000004
5.51e6	0.9997800000000003
5.53e6	0.9997910000000003
5.55e6	0.9997990000000003
5.57e6	0.9998070000000003
5.59e6	0.9998220000000003
5.61e6	0.9998350000000004
5.63e6	0.9998450000000003
5.65e6	0.9998570000000003
5.67e6	0.9998630000000003
5.69e6	0.9998720000000003
5.71e6	0.9998800000000003
5.73e6	0.9998870000000003
5.75e6	0.9998910000000003
5.77e6	0.9998920000000003
5.79e6	0.9998960000000003
5.81e6	0.9999050000000004
5.83e6	0.9999120000000004
5.85e6	0.9999200000000004
5.87e6	0.9999240000000004
5.89e6	0.9999260000000003
5.91e6	0.9999340000000003
5.93e6	0.9999360000000003
5.95e6	0.9999370000000003
5.97e6	0.9999400000000003
5.99e6	0.9999460000000002
6.01e6	0.9999520000000002
6.03e6	0.9999540000000001
6.05e6	0.9999560000000001
6.07e6	0.999959
6.09e6	0.999959
6.11e6	0.999962
6.13e6	0.999962
6.15e6	0.999964
6.17e6	0.999965
6.19e6	0.999966
6.21e6	0.999968
6.23e6	0.9999699999999999
6.25e6	0.9999729999999999
6.27e6	0.9999749999999998
6.29e6	0.9999749999999998
6.31e6	0.9999759999999999
6.33e6	0.9999779999999998
6.35e6	0.9999799999999998
6.37e6	0.9999799999999998
6.39e6	0.9999809999999998
6.41e6	0.9999829999999997
6.43e6	0.9999839999999998
6.45e6	0.9999859999999997
6.47e6	0.9999859999999997
6.49e6	0.9999859999999997
6.51e6	0.9999869999999997
6.53e6	0.9999879999999998
6.55e6	0.9999879999999998
6.57e6	0.9999879999999998
6.59e6	0.9999889999999998
6.61e6	0.9999899999999998
6.63e6	0.9999909999999999
6.65e6	0.9999939999999998
6.67e6	0.9999949999999999
6.69e6	0.9999949999999999
6.71e6	0.9999949999999999
6.73e6	0.9999949999999999
6.75e6	0.9999949999999999
6.77e6	0.9999949999999999
6.79e6	0.9999949999999999
6.81e6	0.9999949999999999
6.83e6	0.9999949999999999
6.85e6	0.9999949999999999
6.87e6	0.9999969999999998
6.89e6	0.9999969999999998
6.91e6	0.9999969999999998
6.93e6	0.9999969999999998
6.95e6	0.9999979999999998
6.97e6	0.9999979999999998
6.99e6	0.9999979999999998
7.01e6	0.9999979999999998
7.03e6	0.9999979999999998
7.05e6	0.9999979999999998
7.07e6	0.9999979999999998
7.09e6	0.9999979999999998
7.11e6	0.9999979999999998
7.13e6	0.9999989999999999
7.15e6	0.9999989999999999
7.17e6	0.9999989999999999
7.19e6	0.9999999999999999
