x	y
-1.525e6	1.0e-7
-1.475e6	1.0e-7
-1.425e6	1.0e-7
-1.375e6	1.0e-7
-1.325e6	1.0e-7
-1.275e6	1.0e-7
-1.225e6	1.0e-7
-1.175e6	1.0e-7
-1.125e6	1.0e-7
-1.075e6	2.0e-7
-1.025e6	2.0e-7
-975000.0	2.0e-7
-925000.0	2.0e-7
-875000.0	2.0e-7
-825000.0	2.0e-7
-775000.0	2.0e-7
-725000.0	2.0e-7
-675000.0	2.0e-7
-625000.0	2.0e-7
-575000.0	2.0e-7
-525000.0	2.0e-7
-475000.0	2.0e-7
-425000.0	2.0e-7
-375000.0	2.0e-7
-325000.0	2.0e-7
-275000.0	2.0e-7
-225000.0	2.0e-7
-175000.0	2.0e-7
-125000.0	2.0e-7
-75000.0	2.0e-7
-25000.0	2.0e-7
25000.0	2.0e-7
75000.0	2.0e-7
125000.0	3.0e-7
175000.0	3.0e-7
225000.0	3.0e-7
275000.0	3.0e-7
325000.0	3.0e-7
375000.0	3.0e-7
425000.0	3.0e-7
475000.0	3.0e-7
525000.0	3.0e-7
575000.0	4.0e-7
625000.0	4.0e-7
675000.0	4.0e-7
725000.0	4.0e-7
775000.0	4.0e-7
825000.0	4.0e-7
875000.0	4.0e-7
925000.0	4.0e-7
975000.0	4.0e-7
1.025e6	5.0e-7
1.075e6	6.0e-7
1.125e6	6.0e-7
1.175e6	6.0e-7
1.225e6	6.0e-7
1.275e6	7.0e-7
1.325e6	7.0e-7
1.375e6	7.0e-7
1.425e6	8.0e-7
1.475e6	8.0e-7
1.525e6	8.0e-7
1.575e6	8.0e-7
1.625e6	8.0e-7
1.675e6	1.0e-6
1.725e6	1.1e-6
1.775e6	1.2e-6
1.825e6	1.2e-6
1.875e6	1.2999999999999998e-6
1.925e6	1.2999999999999998e-6
1.975e6	1.3999999999999997e-6
2.025e6	1.3999999999999997e-6
2.075e6	1.4999999999999996e-6
2.125e6	1.4999999999999996e-6
2.175e6	1.5999999999999995e-6
2.225e6	1.6999999999999994e-6
2.275e6	1.6999999999999994e-6
2.325e6	1.7999999999999993e-6
2.375e6	1.8999999999999992e-6
2.425e6	1.8999999999999992e-6
2.475e6	1.999999999999999e-6
2.525e6	2.1999999999999993e-6
2.575e6	2.1999999999999993e-6
2.625e6	2.299999999999999e-6
2.675e6	2.499999999999999e-6
2.725e6	2.599999999999999e-6
2.775e6	2.6999999999999987e-6
2.825e6	2.6999999999999987e-6
2.875e6	2.6999999999999987e-6
2.925e6	2.7999999999999986e-6
2.975e6	2.9999999999999984e-6
3.025e6	3.2999999999999985e-6
3.075e6	3.4999999999999987e-6
3.125e6	3.6999999999999985e-6
3.175e6	3.899999999999998e-6
3.225e6	4.299999999999998e-6
3.275e6	4.799999999999998e-6
3.325e6	5.199999999999998e-6
3.375e6	5.499999999999997e-6
3.425e6	5.799999999999997e-6
3.475e6	6.1999999999999965e-6
3.525e6	6.2999999999999964e-6
3.575e6	6.699999999999997e-6
3.625e6	6.699999999999997e-6
3.675e6	6.799999999999997e-6
3.725e6	7.099999999999996e-6
3.775e6	7.499999999999996e-6
3.825e6	7.699999999999996e-6
3.875e6	7.899999999999996e-6
3.925e6	8.199999999999996e-6
3.975e6	8.399999999999996e-6
4.025e6	8.799999999999995e-6
4.075e6	9.399999999999995e-6
4.125e6	9.799999999999994e-6
4.175e6	1.0099999999999995e-5
4.225e6	1.0599999999999995e-5
4.275e6	1.0899999999999996e-5
4.325e6	1.1099999999999995e-5
4.375e6	1.1599999999999996e-5
4.425e6	1.1999999999999995e-5
4.475e6	1.2299999999999996e-5
4.525e6	1.2899999999999995e-5
4.575e6	1.3499999999999994e-5
4.625e6	1.4199999999999994e-5
4.675e6	1.4799999999999994e-5
4.725e6	1.5699999999999995e-5
4.775e6	1.6299999999999996e-5
4.825e6	1.6799999999999995e-5
4.875e6	1.7699999999999997e-5
4.925e6	1.8499999999999996e-5
4.975e6	1.9199999999999996e-5
5.025e6	2.0199999999999996e-5
5.075e6	2.1199999999999997e-5
5.125e6	2.21e-5
5.175e6	2.3e-5
5.225e6	2.4e-5
5.275e6	2.4900000000000002e-5
5.325e6	2.57e-5
5.375e6	2.73e-5
5.425e6	2.86e-5
5.475e6	2.9900000000000002e-5
5.525e6	3.13e-5
5.575e6	3.2800000000000004e-5
5.625e6	3.4500000000000005e-5
5.675e6	3.5600000000000005e-5
5.725e6	3.7000000000000005e-5
5.775e6	3.8400000000000005e-5
5.825e6	4.05e-5
5.875e6	4.26e-5
5.925e6	4.45e-5
5.975e6	4.67e-5
6.025e6	4.9099999999999994e-5
6.075e6	5.2e-5
6.125e6	5.4399999999999994e-5
6.175e6	5.6099999999999995e-5
6.225e6	5.8099999999999996e-5
6.275e6	6.0599999999999996e-5
6.325e6	6.29e-5
6.375e6	6.599999999999999e-5
6.425e6	6.95e-5
6.475e6	7.23e-5
6.525e6	7.549999999999999e-5
6.575e6	7.859999999999999e-5
6.625e6	8.319999999999999e-5
6.675e6	8.629999999999998e-5
6.725e6	9.009999999999998e-5
6.775e6	9.359999999999998e-5
6.825e6	9.809999999999999e-5
6.875e6	0.00010189999999999998
6.925e6	0.00010589999999999999
6.975e6	0.00010949999999999999
7.025e6	0.0001136
7.075e6	0.0001175
7.125e6	0.0001227
7.175e6	0.0001278
7.225e6	0.0001327
7.275e6	0.000138
7.325e6	0.0001434
7.375e6	0.0001484
7.425e6	0.0001543
7.475e6	0.0001606
7.525e6	0.0001657
7.575e6	0.0001712
7.625e6	0.0001779
7.675e6	0.0001857
7.725e6	0.0001936
7.775e6	0.00019999999999999998
7.825e6	0.0002092
7.875e6	0.0002184
7.925e6	0.0002271
7.975e6	0.0002351
8.025e6	0.0002431
8.075e6	0.0002539
8.125e6	0.0002632
8.175e6	0.0002741
8.225e6	0.00028629999999999997
8.275e6	0.0002982
8.325e6	0.0003121
8.375e6	0.0003231
8.425e6	0.0003371
8.475e6	0.0003503
8.525e6	0.0003613
8.575e6	0.0003751
8.625e6	0.00038700000000000003
8.675e6	0.0004021
8.725e6	0.0004177
8.775e6	0.0004309
8.825e6	0.0004449
8.875e6	0.0004601
8.925e6	0.0004775
8.975e6	0.0004930000000000001
9.025e6	0.0005120000000000001
9.075e6	0.0005314000000000001
9.125e6	0.0005510000000000002
9.175e6	0.0005700000000000002
9.225e6	0.0005922000000000002
9.275e6	0.0006126000000000001
9.325e6	0.0006362000000000002
9.375e6	0.0006595000000000001
9.425e6	0.0006831000000000002
9.475e6	0.0007104000000000001
9.525e6	0.0007371000000000002
9.575e6	0.0007629000000000002
9.625e6	0.0007873000000000001
9.675e6	0.0008158000000000001
9.725e6	0.0008423000000000001
9.775e6	0.0008739000000000002
9.825e6	0.0009042000000000002
9.875e6	0.0009375000000000002
9.925e6	0.0009696000000000001
9.975e6	0.0010018000000000002
1.0025e7	0.0010389000000000002
1.0075e7	0.0010724000000000003
1.0125e7	0.0011101000000000004
1.0175e7	0.0011472000000000003
1.0225e7	0.0011845000000000004
1.0275e7	0.0012227000000000004
1.0325e7	0.0012680000000000005
1.0375e7	0.0013098000000000005
1.0425e7	0.0013538000000000005
1.0475e7	0.0013994000000000005
1.0525e7	0.0014434000000000005
1.0575e7	0.0014941000000000006
1.0625e7	0.0015373000000000006
1.0675e7	0.0015829000000000006
1.0725e7	0.0016338000000000006
1.0775e7	0.0016870000000000006
1.0825e7	0.0017411000000000006
1.0875e7	0.0017985000000000006
1.0925e7	0.0018579000000000007
1.0975e7	0.0019187000000000006
1.1025e7	0.0019810000000000006
1.1075e7	0.0020478000000000007
1.1125e7	0.0021109000000000006
1.1175e7	0.0021794000000000006
1.1225e7	0.0022471000000000006
1.1275e7	0.0023256000000000006
1.1325e7	0.0023978000000000007
1.1375e7	0.002473000000000001
1.1425e7	0.0025499000000000008
1.1475e7	0.002628600000000001
1.1525e7	0.002710100000000001
1.1575e7	0.0027928000000000007
1.1625e7	0.0028824000000000007
1.1675e7	0.002968100000000001
1.1725e7	0.003063100000000001
1.1775e7	0.003156200000000001
1.1825e7	0.003257600000000001
1.1875e7	0.003361300000000001
1.1925e7	0.003462600000000001
1.1975e7	0.003568700000000001
1.2025e7	0.003676800000000001
1.2075e7	0.0037895000000000008
1.2125e7	0.003898800000000001
1.2175e7	0.004014900000000001
1.2225e7	0.004134200000000001
1.2275e7	0.0042571000000000015
1.2325e7	0.004387700000000001
1.2375e7	0.004516500000000001
1.2425e7	0.004650900000000001
1.2475e7	0.004789500000000001
1.2525e7	0.0049339000000000015
1.2575e7	0.0050706000000000015
1.2625e7	0.005223900000000002
1.2675e7	0.005374300000000002
1.2725e7	0.005536200000000002
1.2775e7	0.005693000000000003
1.2825e7	0.005863500000000002
1.2875e7	0.0060291000000000025
1.2925e7	0.006200100000000003
1.2975e7	0.006370200000000003
1.3025e7	0.006563300000000003
1.3075e7	0.0067516000000000026
1.3125e7	0.0069384000000000026
1.3175e7	0.007124800000000002
1.3225e7	0.007326000000000003
1.3275e7	0.007534700000000003
1.3325e7	0.007747400000000002
1.3375e7	0.007962100000000003
1.3425e7	0.008183000000000003
1.3475e7	0.008408200000000003
1.3525e7	0.008638500000000002
1.3575e7	0.008877700000000002
1.3625e7	0.009117800000000002
1.3675e7	0.009368100000000002
1.3725e7	0.009622100000000003
1.3775e7	0.009889100000000003
1.3825e7	0.010161500000000004
1.3875e7	0.010431000000000005
1.3925e7	0.010707800000000005
1.3975e7	0.010994500000000006
1.4025e7	0.011290300000000007
1.4075e7	0.011582300000000007
1.4125e7	0.011883500000000007
1.4175e7	0.012198200000000006
1.4225e7	0.012519100000000007
1.4275e7	0.012857000000000007
1.4325e7	0.013203400000000007
1.4375e7	0.013532700000000007
1.4425e7	0.013885900000000007
1.4475e7	0.014252700000000007
1.4525e7	0.014621200000000008
1.4575e7	0.014994800000000008
1.4625e7	0.015373200000000007
1.4675e7	0.01577310000000001
1.4725e7	0.01617080000000001
1.4775e7	0.01657720000000001
1.4825e7	0.016995800000000012
1.4875e7	0.017418700000000013
1.4925e7	0.01784890000000001
1.4975e7	0.01828950000000001
1.5025e7	0.01875300000000001
1.5075e7	0.01921780000000001
1.5125e7	0.01970860000000001
1.5175e7	0.02018870000000001
1.5225e7	0.02068240000000001
1.5275e7	0.021202100000000012
1.5325e7	0.021709100000000012
1.5375e7	0.022232400000000013
1.5425e7	0.022762300000000013
1.5475e7	0.023299300000000012
1.5525e7	0.023856700000000012
1.5575e7	0.02442130000000001
1.5625e7	0.02500570000000001
1.5675e7	0.02559700000000001
1.5725e7	0.026197200000000007
1.5775e7	0.026794800000000008
1.5825e7	0.02743490000000001
1.5875e7	0.028060700000000008
1.5925e7	0.028708100000000007
1.5975e7	0.029364600000000008
1.6025e7	0.03004380000000001
1.6075e7	0.03071930000000001
1.6125e7	0.03141100000000001
1.6175e7	0.03212210000000001
1.6225e7	0.03284780000000001
1.6275e7	0.03359900000000001
1.6325e7	0.03435000000000001
1.6375e7	0.03511900000000001
1.6425e7	0.03589430000000001
1.6475e7	0.03669320000000001
1.6525e7	0.03749980000000001
1.6575e7	0.03832150000000001
1.6625e7	0.03916490000000001
1.6675e7	0.04001500000000001
1.6725e7	0.040888200000000006
1.6775e7	0.04177700000000001
1.6825e7	0.04266180000000001
1.6875e7	0.04357280000000001
1.6925e7	0.04451780000000001
1.6975e7	0.04546220000000001
1.7025e7	0.04642120000000001
1.7075e7	0.04740040000000001
1.7125e7	0.04838560000000001
1.7175e7	0.04936430000000001
1.7225e7	0.050395800000000004
1.7275e7	0.0514314
1.7325e7	0.0524747
1.7375e7	0.053547
1.7425e7	0.0546368
1.7475e7	0.0557498
1.7525e7	0.05689
1.7575e7	0.0580226
1.7625e7	0.0591905
1.7675e7	0.0603623
1.7725e7	0.0615832
1.7775e7	0.0628013
1.7825e7	0.064033
1.7875e7	0.0652863
1.7925e7	0.0665725
1.7975e7	0.06788250000000001
1.8025e7	0.06917690000000001
1.8075e7	0.07052340000000001
1.8125e7	0.07187850000000001
1.8175e7	0.07325110000000001
1.8225e7	0.07464070000000002
1.8275e7	0.07604410000000002
1.8325e7	0.07748440000000002
1.8375e7	0.07893510000000002
1.8425e7	0.08039870000000002
1.8475e7	0.08188610000000002
1.8525e7	0.08339380000000002
1.8575e7	0.08494300000000002
1.8625e7	0.08649860000000002
1.8675e7	0.08807730000000003
1.8725e7	0.08968180000000002
1.8775e7	0.09129060000000001
1.8825e7	0.09293090000000001
1.8875e7	0.09459900000000002
1.8925e7	0.09628440000000002
1.8975e7	0.09799760000000002
1.9025e7	0.09974570000000002
1.9075e7	0.10150650000000003
1.9125e7	0.10328540000000003
1.9175e7	0.10506210000000003
1.9225e7	0.10687570000000003
1.9275e7	0.10869550000000003
1.9325e7	0.11055480000000002
1.9375e7	0.11244140000000002
1.9425e7	0.11434700000000002
1.9475e7	0.11630350000000002
1.9525e7	0.11825160000000001
1.9575e7	0.12024740000000002
1.9625e7	0.12225860000000002
1.9675e7	0.12427490000000002
1.9725e7	0.12632490000000002
1.9775e7	0.12840880000000002
1.9825e7	0.13049780000000002
1.9875e7	0.13261670000000003
1.9925e7	0.13475250000000003
1.9975e7	0.13691910000000002
2.0025e7	0.1390925
2.0075e7	0.1413078
2.0125e7	0.1435565
2.0175e7	0.1458061
2.0225e7	0.1480966
2.0275e7	0.15040599999999998
2.0325e7	0.15274759999999998
2.0375e7	0.1550828
2.0425e7	0.15748489999999998
2.0475e7	0.15987169999999998
2.0525e7	0.1622803
2.0575e7	0.16472599999999998
2.0625e7	0.16720959999999999
2.0675e7	0.1696847
2.0725e7	0.1722154
2.0775e7	0.17476989999999998
2.0825e7	0.1773126
2.0875e7	0.1798957
2.0925e7	0.18248799999999998
2.0975e7	0.18511799999999998
2.1025e7	0.18773719999999997
2.1075e7	0.19038709999999998
2.1125e7	0.19308999999999998
2.1175e7	0.195821
2.1225e7	0.1985645
2.1275e7	0.2013056
2.1325e7	0.2041196
2.1375e7	0.20689120000000003
2.1425e7	0.2097121
2.1475e7	0.21259950000000002
2.1525e7	0.21546690000000002
2.1575e7	0.21835030000000002
2.1625e7	0.22128180000000003
2.1675e7	0.22424640000000004
2.1725e7	0.22719690000000003
2.1775e7	0.23019370000000003
2.1825e7	0.23322470000000003
2.1875e7	0.23627480000000003
2.1925e7	0.23935460000000003
2.1975e7	0.24241690000000002
2.2025e7	0.24554850000000003
2.2075e7	0.24864800000000004
2.2125e7	0.25181760000000003
2.2175e7	0.2549578
2.2225e7	0.2581759
2.2275e7	0.261405
2.2325e7	0.2646454
2.2375e7	0.26792089999999996
2.2425e7	0.27118549999999997
2.2475e7	0.274485
2.2525e7	0.27782979999999996
2.2575e7	0.2811337
2.2625e7	0.28448829999999997
2.2675e7	0.28784639999999995
2.2725e7	0.29120959999999996
2.2775e7	0.29459729999999995
2.2825e7	0.29799679999999995
2.2875e7	0.30144229999999994
2.2925e7	0.30487839999999994
2.2975e7	0.30833789999999994
2.3025e7	0.31182129999999997
2.3075e7	0.31530939999999996
2.3125e7	0.3188542
2.3175e7	0.32239059999999997
2.3225e7	0.32594779999999995
2.3275e7	0.32950509999999994
2.3325e7	0.33308009999999993
2.3375e7	0.3366429999999999
2.3425e7	0.34023639999999994
2.3475e7	0.34385189999999993
2.3525e7	0.34748759999999995
2.3575e7	0.35116299999999995
2.3625e7	0.35486579999999995
2.3675e7	0.3585828999999999
2.3725e7	0.36227809999999994
2.3775e7	0.36599479999999995
2.3825e7	0.36972859999999996
2.3875e7	0.3734704
2.3925e7	0.37720929999999997
2.3975e7	0.380957
2.4025e7	0.384744
2.4075e7	0.38849399999999995
2.4125e7	0.39230329999999997
2.4175e7	0.3960951
2.4225e7	0.39988999999999997
2.4275e7	0.4037088
2.4325e7	0.4075223
2.4375e7	0.4113414
2.4425e7	0.41519730000000005
2.4475e7	0.41904520000000006
2.4525e7	0.42290740000000004
2.4575e7	0.42677410000000005
2.4625e7	0.4306361
2.4675e7	0.4344965
2.4725e7	0.43836990000000003
2.4775e7	0.4422746
2.4825e7	0.4461487
2.4875e7	0.4500689
2.4925e7	0.4539413
2.4975e7	0.4578422
2.5025e7	0.4617282
2.5075e7	0.46566199999999996
2.5125e7	0.4695526
2.5175e7	0.473478
2.5225e7	0.4773908
2.5275e7	0.4812998
2.5325e7	0.4852334
2.5375e7	0.48913609999999996
2.5425e7	0.4930882
2.5475e7	0.49701219999999996
2.5525e7	0.5009616
2.5575e7	0.5048633
2.5625e7	0.508795
2.5675e7	0.5127157
2.5725e7	0.5166809
2.5775e7	0.5206292
2.5825e7	0.5245179
2.5875e7	0.528409
2.5925e7	0.5323115
2.5975e7	0.5362256000000001
2.6025e7	0.5401565
2.6075e7	0.5440578
2.6125e7	0.5479676
2.6175e7	0.5518715
2.6225e7	0.5557565999999999
2.6275e7	0.5596515
2.6325e7	0.5635239
2.6375e7	0.5673973
2.6425e7	0.5712659
2.6475e7	0.575132
2.6525e7	0.5789763
2.6575e7	0.5828272
2.6625e7	0.5866717
2.6675e7	0.5905320000000001
2.6725e7	0.5943756
2.6775e7	0.5981719
2.6825e7	0.6019500999999999
2.6875e7	0.6057703
2.6925e7	0.6095493
2.6975e7	0.6132989
2.7025e7	0.6170611
2.7075e7	0.6207937
2.7125e7	0.6245111
2.7175e7	0.6282381
2.7225e7	0.6319359
2.7275e7	0.6355935
2.7325e7	0.6392587000000001
2.7375e7	0.6428934000000001
2.7425e7	0.64653
2.7475e7	0.6501621000000001
2.7525e7	0.6537672000000001
2.7575e7	0.6573492000000001
2.7625e7	0.6609588000000001
2.7675e7	0.6645408
2.7725e7	0.6681073000000001
2.7775e7	0.6716308000000001
2.7825e7	0.6751284000000001
2.7875e7	0.6786569000000001
2.7925e7	0.6821648000000001
2.7975e7	0.6856720000000002
2.8025e7	0.6891455000000002
2.8075e7	0.6926002000000002
2.8125e7	0.6960274000000002
2.8175e7	0.6994333000000001
2.8225e7	0.7028420000000002
2.8275e7	0.7061908000000002
2.8325e7	0.7095527000000003
2.8375e7	0.7129238000000002
2.8425e7	0.7162436000000002
2.8475e7	0.7195121000000002
2.8525e7	0.7228292000000002
2.8575e7	0.7261029000000002
2.8625e7	0.7293577000000002
2.8675e7	0.7326052000000002
2.8725e7	0.7358044000000001
2.8775e7	0.7389761000000001
2.8825e7	0.7421434000000001
2.8875e7	0.7453004000000001
2.8925e7	0.7484197000000001
2.8975e7	0.7515113000000001
2.9025e7	0.7545847000000001
2.9075e7	0.7576499000000001
2.9125e7	0.7607303000000001
2.9175e7	0.7637629000000001
2.9225e7	0.7667686000000001
2.9275e7	0.7697269000000001
2.9325e7	0.7726744000000001
2.9375e7	0.7755861000000001
2.9425e7	0.7785181000000001
2.9475e7	0.7813848000000001
2.9525e7	0.7842574000000001
2.9575e7	0.7871150000000001
2.9625e7	0.7899617000000001
2.9675e7	0.7927769000000001
2.9725e7	0.7955706000000001
2.9775e7	0.7983117000000002
2.9825e7	0.8010402000000002
2.9875e7	0.8037434000000002
2.9925e7	0.8064265000000003
2.9975e7	0.8090737000000002
3.0025e7	0.8117092000000002
3.0075e7	0.8143451000000003
3.0125e7	0.8169246000000002
3.0175e7	0.8195002000000002
3.0225e7	0.8220210000000002
3.0275e7	0.8245448000000002
3.0325e7	0.8270669000000002
3.0375e7	0.8295517000000001
3.0425e7	0.8320296000000001
3.0475e7	0.8344508000000002
3.0525e7	0.8368707000000002
3.0575e7	0.8392521000000002
3.0625e7	0.8416258000000002
3.0675e7	0.8439564000000002
3.0725e7	0.8462686000000001
3.0775e7	0.8485818000000002
3.0825e7	0.8508435000000002
3.0875e7	0.8530925000000001
3.0925e7	0.8553270000000002
3.0975e7	0.8575345000000002
3.1025e7	0.8597521000000002
3.1075e7	0.8618925000000003
3.1125e7	0.8640191000000003
3.1175e7	0.8661341000000002
3.1225e7	0.8682450000000003
3.1275e7	0.8703110000000003
3.1325e7	0.8723833000000003
3.1375e7	0.8743974000000003
3.1425e7	0.8764019000000003
3.1475e7	0.8783686000000003
3.1525e7	0.8803132000000002
3.1575e7	0.8822382000000002
3.1625e7	0.8841559000000002
3.1675e7	0.8860431000000002
3.1725e7	0.8879244000000002
3.1775e7	0.8897548000000002
3.1825e7	0.8915794000000001
3.1875e7	0.8933447000000001
3.1925e7	0.8951453000000001
3.1975e7	0.8968879000000002
3.2025e7	0.8986111000000002
3.2075e7	0.9003145000000002
3.2125e7	0.9020075000000003
3.2175e7	0.9036840000000003
3.2225e7	0.9053255000000002
3.2275e7	0.9069446000000002
3.2325e7	0.9085560000000003
3.2375e7	0.9101468000000003
3.2425e7	0.9116996000000003
3.2475e7	0.9132338000000003
3.2525e7	0.9147452000000004
3.2575e7	0.9162504000000004
3.2625e7	0.9177385000000003
3.2675e7	0.9192022000000003
3.2725e7	0.9206588000000003
3.2775e7	0.9220855000000003
3.2825e7	0.9234946000000004
3.2875e7	0.9248681000000004
3.2925e7	0.9262227000000004
3.2975e7	0.9275577000000004
3.3025e7	0.9288688000000004
3.3075e7	0.9301925000000004
3.3125e7	0.9314506000000005
3.3175e7	0.9327257000000004
3.3225e7	0.9339702000000004
3.3275e7	0.9352095000000005
3.3325e7	0.9364098000000005
3.3375e7	0.9375849000000005
3.3425e7	0.9387434000000004
3.3475e7	0.9399080000000004
3.3525e7	0.9410494000000004
3.3575e7	0.9421845000000004
3.3625e7	0.9433099000000005
3.3675e7	0.9444095000000005
3.3725e7	0.9454854000000005
3.3775e7	0.9465510000000005
3.3825e7	0.9475839000000005
3.3875e7	0.9486000000000004
3.3925e7	0.9496156000000004
3.3975e7	0.9506302000000004
3.4025e7	0.9516092000000004
3.4075e7	0.9525752000000004
3.4125e7	0.9535246000000004
3.4175e7	0.9544614000000003
3.4225e7	0.9553764000000003
3.4275e7	0.9562938000000003
3.4325e7	0.9571809000000003
3.4375e7	0.9580710000000003
3.4425e7	0.9589307000000004
3.4475e7	0.9597709000000003
3.4525e7	0.9605874000000003
3.4575e7	0.9613791000000003
3.4625e7	0.9621693000000002
3.4675e7	0.9629628000000002
3.4725e7	0.9637372000000002
3.4775e7	0.9644876000000002
3.4825e7	0.9652311000000002
3.4875e7	0.9659614000000002
3.4925e7	0.9666940000000002
3.4975e7	0.9674086000000002
3.5025e7	0.9681038000000002
3.5075e7	0.9687969000000002
3.5125e7	0.9694706000000002
3.5175e7	0.9701223000000002
3.5225e7	0.9707661000000002
3.5275e7	0.9714084000000002
3.5325e7	0.9720421000000001
3.5375e7	0.9726503000000001
3.5425e7	0.9732487000000001
3.5475e7	0.9738481000000001
3.5525e7	0.9744274
3.5575e7	0.974997
3.5625e7	0.975556
3.5675e7	0.9761048999999999
3.5725e7	0.9766556
3.5775e7	0.9771768
3.5825e7	0.9776999
3.5875e7	0.9782158999999999
3.5925e7	0.9787020999999999
3.5975e7	0.9791830999999999
3.6025e7	0.9796663999999998
3.6075e7	0.9801324999999999
3.6125e7	0.9805960999999999
3.6175e7	0.9810503999999999
3.6225e7	0.9814928999999999
3.6275e7	0.9819283999999999
3.6325e7	0.9823451
3.6375e7	0.9827613
3.6425e7	0.9831656
3.6475e7	0.9835621999999999
3.6525e7	0.9839614999999999
3.6575e7	0.9843343999999999
3.6625e7	0.9847106999999999
3.6675e7	0.9850766
3.6725e7	0.9854472
3.6775e7	0.985794
3.6825e7	0.9861405
3.6875e7	0.9864733
3.6925e7	0.9867965
3.6975e7	0.9871217999999999
3.7025e7	0.9874346999999999
3.7075e7	0.9877435999999998
3.7125e7	0.9880433999999998
3.7175e7	0.9883333999999998
3.7225e7	0.9886264999999999
3.7275e7	0.9889106999999998
3.7325e7	0.9891889999999998
3.7375e7	0.9894679999999998
3.7425e7	0.9897278999999998
3.7475e7	0.9899784999999998
3.7525e7	0.9902311999999998
3.7575e7	0.9904776999999998
3.7625e7	0.9907205999999998
3.7675e7	0.9909684999999998
3.7725e7	0.9912027999999998
3.7775e7	0.9914290999999998
3.7825e7	0.9916525999999999
3.7875e7	0.9918672999999999
3.7925e7	0.9920740999999998
3.7975e7	0.9922869999999998
3.8025e7	0.9924852999999998
3.8075e7	0.9926794999999998
3.8125e7	0.9928603999999999
3.8175e7	0.9930483999999998
3.8225e7	0.9932360999999998
3.8275e7	0.9934151999999998
3.8325e7	0.9935859999999999
3.8375e7	0.9937529999999999
3.8425e7	0.9939214999999999
3.8475e7	0.9940789999999999
3.8525e7	0.9942441999999999
3.8575e7	0.9943949999999999
3.8625e7	0.9945369
3.8675e7	0.9946839999999999
3.8725e7	0.9948260999999999
3.8775e7	0.9949674999999999
3.8825e7	0.9951130999999999
3.8875e7	0.9952497999999999
3.8925e7	0.9953831999999998
3.8975e7	0.9955096999999998
3.9025e7	0.9956329999999999
3.9075e7	0.9957461999999999
3.9125e7	0.9958622999999999
3.9175e7	0.9959753999999998
3.9225e7	0.9960849999999999
3.9275e7	0.9961949999999999
3.9325e7	0.9962985
3.9375e7	0.9963968
3.9425e7	0.9964976
3.9475e7	0.996596
3.9525e7	0.9966934000000001
3.9575e7	0.9967856
3.9625e7	0.9968723
3.9675e7	0.9969637
3.9725e7	0.9970524000000001
3.9775e7	0.9971376000000001
3.9825e7	0.9972274000000001
3.9875e7	0.9973104000000002
3.9925e7	0.9973850000000002
3.9975e7	0.9974640000000002
4.0025e7	0.9975381000000002
4.0075e7	0.9976096000000002
4.0125e7	0.9976811000000002
4.0175e7	0.9977486000000002
4.0225e7	0.9978122000000003
4.0275e7	0.9978788000000003
4.0325e7	0.9979394000000003
4.0375e7	0.9980018000000003
4.0425e7	0.9980560000000003
4.0475e7	0.9981186000000003
4.0525e7	0.9981779000000003
4.0575e7	0.9982327000000003
4.0625e7	0.9982881000000003
4.0675e7	0.9983437000000004
4.0725e7	0.9983924000000004
4.0775e7	0.9984412000000004
4.0825e7	0.9984900000000003
4.0875e7	0.9985344000000004
4.0925e7	0.9985797000000004
4.0975e7	0.9986215000000004
4.1025e7	0.9986640000000003
4.1075e7	0.9987053000000004
4.1125e7	0.9987422000000004
4.1175e7	0.9987819000000003
4.1225e7	0.9988196000000004
4.1275e7	0.9988541000000004
4.1325e7	0.9988898000000004
4.1375e7	0.9989241000000004
4.1425e7	0.9989584000000005
4.1475e7	0.9989919000000005
4.1525e7	0.9990221000000005
4.1575e7	0.9990539000000005
4.1625e7	0.9990823000000005
4.1675e7	0.9991115000000005
4.1725e7	0.9991385000000005
4.1775e7	0.9991651000000005
4.1825e7	0.9991937000000005
4.1875e7	0.9992203000000005
4.1925e7	0.9992453000000006
4.1975e7	0.9992721000000006
4.2025e7	0.9992950000000006
4.2075e7	0.9993190000000006
4.2125e7	0.9993421000000007
4.2175e7	0.9993616000000006
4.2225e7	0.9993817000000006
4.2275e7	0.9994019000000006
4.2325e7	0.9994213000000006
4.2375e7	0.9994399000000006
4.2425e7	0.9994601000000006
4.2475e7	0.9994776000000006
4.2525e7	0.9994955000000006
4.2575e7	0.9995113000000007
4.2625e7	0.9995286000000007
4.2675e7	0.9995439000000007
4.2725e7	0.9995590000000008
4.2775e7	0.9995737000000008
4.2825e7	0.9995882000000008
4.2875e7	0.9996025000000008
4.2925e7	0.9996155000000009
4.2975e7	0.9996281000000009
4.3025e7	0.9996403000000009
4.3075e7	0.9996506000000009
4.3125e7	0.999663400000001
4.3175e7	0.999676200000001
4.3225e7	0.999688000000001
4.3275e7	0.999697100000001
4.3325e7	0.999707200000001
4.3375e7	0.999718200000001
4.3425e7	0.999726400000001
4.3475e7	0.9997360000000011
4.3525e7	0.9997444000000011
4.3575e7	0.999752700000001
4.3625e7	0.9997615000000011
4.3675e7	0.9997707000000011
4.3725e7	0.9997760000000011
4.3775e7	0.9997851000000011
4.3825e7	0.9997927000000011
4.3875e7	0.9997994000000011
4.3925e7	0.9998063000000011
4.3975e7	0.9998143000000012
4.4025e7	0.9998208000000012
4.4075e7	0.9998270000000011
4.4125e7	0.9998345000000012
4.4175e7	0.9998412000000012
4.4225e7	0.9998456000000012
4.4275e7	0.9998496000000012
4.4325e7	0.9998545000000012
4.4375e7	0.9998597000000012
4.4425e7	0.9998661000000012
4.4475e7	0.9998716000000012
4.4525e7	0.9998758000000012
4.4575e7	0.9998805000000012
4.4625e7	0.9998861000000012
4.4675e7	0.9998906000000012
4.4725e7	0.9998937000000012
4.4775e7	0.9998978000000012
4.4825e7	0.9999020000000012
4.4875e7	0.9999060000000012
4.4925e7	0.9999099000000011
4.4975e7	0.9999125000000011
4.5025e7	0.9999159000000011
4.5075e7	0.999918700000001
4.5125e7	0.9999214000000011
4.5175e7	0.999923400000001
4.5225e7	0.999926600000001
4.5275e7	0.999928900000001
4.5325e7	0.999931500000001
4.5375e7	0.9999339000000009
4.5425e7	0.999936800000001
4.5475e7	0.999938900000001
4.5525e7	0.999941800000001
4.5575e7	0.999944500000001
4.5625e7	0.999947200000001
4.5675e7	0.999949500000001
4.5725e7	0.999951200000001
4.5775e7	0.9999530000000011
4.5825e7	0.9999545000000011
4.5875e7	0.9999564000000011
4.5925e7	0.9999583000000011
4.5975e7	0.9999598000000011
4.6025e7	0.9999619000000011
4.6075e7	0.9999631000000011
4.6125e7	0.9999645000000011
4.6175e7	0.9999654000000011
4.6225e7	0.9999659000000011
4.6275e7	0.9999675000000011
4.6325e7	0.9999684000000011
4.6375e7	0.9999693000000011
4.6425e7	0.9999711000000011
4.6475e7	0.9999719000000011
4.6525e7	0.9999730000000011
4.6575e7	0.9999740000000011
4.6625e7	0.9999751000000011
4.6675e7	0.9999761000000011
4.6725e7	0.9999774000000011
4.6775e7	0.9999782000000011
4.6825e7	0.9999793000000011
4.6875e7	0.9999797000000011
4.6925e7	0.9999807000000012
4.6975e7	0.9999813000000012
4.7025e7	0.9999815000000012
4.7075e7	0.9999821000000012
4.7125e7	0.9999829000000012
4.7175e7	0.9999835000000012
4.7225e7	0.9999842000000012
4.7275e7	0.9999848000000012
4.7325e7	0.9999854000000012
4.7375e7	0.9999863000000012
4.7425e7	0.9999865000000012
4.7475e7	0.9999873000000012
4.7525e7	0.9999880000000012
4.7575e7	0.9999885000000012
4.7625e7	0.9999887000000012
4.7675e7	0.9999889000000012
4.7725e7	0.9999891000000012
4.7775e7	0.9999893000000012
4.7825e7	0.9999893000000012
4.7875e7	0.9999897000000012
4.7925e7	0.9999904000000012
4.7975e7	0.9999911000000011
4.8025e7	0.9999912000000011
4.8075e7	0.9999916000000011
4.8125e7	0.9999925000000011
4.8175e7	0.999992600000001
4.8225e7	0.999993100000001
4.8275e7	0.9999934000000009
4.8325e7	0.9999935000000009
4.8375e7	0.9999938000000008
4.8425e7	0.9999938000000008
4.8475e7	0.9999941000000008
4.8525e7	0.9999942000000007
4.8575e7	0.9999946000000007
4.8625e7	0.9999948000000007
4.8675e7	0.9999951000000007
4.8725e7	0.9999955000000007
4.8775e7	0.9999957000000007
4.8825e7	0.9999958000000007
4.8875e7	0.9999959000000006
4.8925e7	0.9999962000000006
4.8975e7	0.9999965000000005
4.9025e7	0.9999967000000005
4.9075e7	0.9999967000000005
4.9125e7	0.9999968000000005
4.9175e7	0.9999969000000004
4.9225e7	0.9999970000000004
4.9275e7	0.9999973000000003
4.9325e7	0.9999975000000003
4.9375e7	0.9999976000000003
4.9425e7	0.9999977000000002
4.9475e7	0.9999977000000002
4.9525e7	0.9999978000000002
4.9575e7	0.9999979000000001
4.9625e7	0.9999981000000001
4.9675e7	0.9999982000000001
4.9725e7	0.9999982000000001
4.9775e7	0.9999982000000001
4.9825e7	0.9999985
4.9875e7	0.9999985
4.9925e7	0.9999986
4.9975e7	0.9999986
5.0025e7	0.9999986999999999
5.0075e7	0.9999986999999999
5.0125e7	0.9999989999999999
5.0175e7	0.9999989999999999
5.0225e7	0.9999989999999999
5.0275e7	0.9999989999999999
5.0325e7	0.9999990999999998
5.0375e7	0.9999990999999998
5.0425e7	0.9999990999999998
5.0475e7	0.9999990999999998
5.0525e7	0.9999990999999998
5.0575e7	0.9999991999999998
5.0625e7	0.9999991999999998
5.0675e7	0.9999992999999997
5.0725e7	0.9999992999999997
5.0775e7	0.9999992999999997
5.0825e7	0.9999994999999997
5.0875e7	0.9999994999999997
5.0925e7	0.9999995999999997
5.0975e7	0.9999995999999997
5.1025e7	0.9999995999999997
5.1075e7	0.9999996999999996
5.1125e7	0.9999996999999996
5.1175e7	0.9999996999999996
5.1225e7	0.9999996999999996
5.1275e7	0.9999996999999996
5.1325e7	0.9999996999999996
5.1375e7	0.9999996999999996
5.1425e7	0.9999996999999996
5.1475e7	0.9999996999999996
5.1525e7	0.9999996999999996
5.1575e7	0.9999996999999996
5.1625e7	0.9999996999999996
5.1675e7	0.9999996999999996
5.1725e7	0.9999996999999996
5.1775e7	0.9999996999999996
5.1825e7	0.9999996999999996
5.1875e7	0.9999996999999996
5.1925e7	0.9999996999999996
5.1975e7	0.9999996999999996
5.2025e7	0.9999996999999996
5.2075e7	0.9999997999999996
5.2125e7	0.9999997999999996
5.2175e7	0.9999998999999995
5.2225e7	0.9999998999999995
5.2275e7	0.9999998999999995
5.2325e7	0.9999998999999995
5.2375e7	0.9999998999999995
5.2425e7	0.9999998999999995
5.2475e7	0.9999998999999995
5.2525e7	0.9999998999999995
5.2575e7	0.9999998999999995
5.2625e7	0.9999998999999995
5.2675e7	0.9999998999999995
5.2725e7	0.9999998999999995
5.2775e7	0.9999998999999995
5.2825e7	0.9999998999999995
5.2875e7	0.9999998999999995
5.2925e7	0.9999998999999995
5.2975e7	0.9999998999999995
5.3025e7	0.9999998999999995
5.3075e7	0.9999998999999995
5.3125e7	0.9999998999999995
5.3175e7	0.9999998999999995
5.3225e7	0.9999998999999995
5.3275e7	0.9999998999999995
5.3325e7	0.9999998999999995
5.3375e7	0.9999999999999994
