x	y
2.5285e7	1.0e-5
2.5287e7	1.0e-5
2.5289e7	1.0e-5
2.5291e7	1.0e-5
2.5293e7	1.0e-5
2.5295e7	1.0e-5
2.5297e7	1.0e-5
2.5299e7	1.0e-5
2.5301e7	1.0e-5
2.5303e7	1.0e-5
2.5305e7	1.0e-5
2.5307e7	1.0e-5
2.5309e7	1.0e-5
2.5311e7	1.0e-5
2.5313e7	1.0e-5
2.5315e7	1.0e-5
2.5317e7	1.0e-5
2.5319e7	1.0e-5
2.5321e7	1.0e-5
2.5323e7	1.0e-5
2.5325e7	1.0e-5
2.5327e7	2.0e-5
2.5329e7	2.0e-5
2.5331e7	2.0e-5
2.5333e7	2.0e-5
2.5335e7	2.0e-5
2.5337e7	2.0e-5
2.5339e7	2.0e-5
2.5341e7	2.0e-5
2.5343e7	2.0e-5
2.5345e7	2.0e-5
2.5347e7	2.0e-5
2.5349e7	3.0000000000000004e-5
2.5351e7	3.0000000000000004e-5
2.5353e7	3.0000000000000004e-5
2.5355e7	3.0000000000000004e-5
2.5357e7	3.0000000000000004e-5
2.5359e7	3.0000000000000004e-5
2.5361e7	3.0000000000000004e-5
2.5363e7	4.0e-5
2.5365e7	4.0e-5
2.5367e7	4.0e-5
2.5369e7	5.0e-5
2.5371e7	5.0e-5
2.5373e7	5.0e-5
2.5375e7	5.0e-5
2.5377e7	5.0e-5
2.5379e7	5.0e-5
2.5381e7	5.0e-5
2.5383e7	6.0e-5
2.5385e7	6.0e-5
2.5387e7	6.0e-5
2.5389e7	6.0e-5
2.5391e7	6.0e-5
2.5393e7	6.0e-5
2.5395e7	6.0e-5
2.5397e7	6.0e-5
2.5399e7	7.000000000000001e-5
2.5401e7	7.000000000000001e-5
2.5403e7	7.000000000000001e-5
2.5405e7	8.0e-5
2.5407e7	8.0e-5
2.5409e7	8.0e-5
2.5411e7	8.0e-5
2.5413e7	0.0001
2.5415e7	0.0001
2.5417e7	0.00011
2.5419e7	0.00013000000000000002
2.5421e7	0.00013000000000000002
2.5423e7	0.00014000000000000001
2.5425e7	0.00015000000000000001
2.5427e7	0.00015000000000000001
2.5429e7	0.00015000000000000001
2.5431e7	0.00015000000000000001
2.5433e7	0.00016
2.5435e7	0.00016
2.5437e7	0.00017
2.5439e7	0.00017
2.5441e7	0.00017
2.5443e7	0.00019
2.5445e7	0.0002
2.5447e7	0.0002
2.5449e7	0.0002
2.5451e7	0.0002
2.5453e7	0.0002
2.5455e7	0.0002
2.5457e7	0.0002
2.5459e7	0.0002
2.5461e7	0.0002
2.5463e7	0.0002
2.5465e7	0.00021
2.5467e7	0.00021
2.5469e7	0.00021
2.5471e7	0.00021
2.5473e7	0.00024
2.5475e7	0.00024
2.5477e7	0.00024
2.5479e7	0.00025
2.5481e7	0.00025
2.5483e7	0.00027
2.5485e7	0.00028000000000000003
2.5487e7	0.00030000000000000003
2.5489e7	0.00030000000000000003
2.5491e7	0.00033
2.5493e7	0.00033
2.5495e7	0.00035999999999999997
2.5497e7	0.00035999999999999997
2.5499e7	0.00037
2.5501e7	0.00039999999999999996
2.5503e7	0.00041
2.5505e7	0.00042
2.5507e7	0.00043000000000000004
2.5509e7	0.00045000000000000004
2.5511e7	0.00046000000000000007
2.5513e7	0.0004700000000000001
2.5515e7	0.0004800000000000001
2.5517e7	0.0005000000000000001
2.5519e7	0.0005400000000000001
2.5521e7	0.0005700000000000001
2.5523e7	0.0005900000000000001
2.5525e7	0.0006000000000000002
2.5527e7	0.0006300000000000001
2.5529e7	0.0006600000000000001
2.5531e7	0.0006900000000000001
2.5533e7	0.0006900000000000001
2.5535e7	0.0007000000000000001
2.5537e7	0.0007200000000000002
2.5539e7	0.0007300000000000002
2.5541e7	0.0007700000000000002
2.5543e7	0.0007800000000000002
2.5545e7	0.0008000000000000003
2.5547e7	0.0008300000000000002
2.5549e7	0.0008600000000000002
2.5551e7	0.0009200000000000002
2.5553e7	0.0009500000000000002
2.5555e7	0.0009500000000000002
2.5557e7	0.0009500000000000002
2.5559e7	0.0009600000000000002
2.5561e7	0.0010000000000000002
2.5563e7	0.0010300000000000003
2.5565e7	0.0010500000000000004
2.5567e7	0.0010900000000000005
2.5569e7	0.0011300000000000006
2.5571e7	0.0011700000000000007
2.5573e7	0.0012100000000000008
2.5575e7	0.0012700000000000007
2.5577e7	0.0013000000000000008
2.5579e7	0.0013600000000000007
2.5581e7	0.0013900000000000008
2.5583e7	0.0014600000000000008
2.5585e7	0.0014900000000000009
2.5587e7	0.0015400000000000008
2.5589e7	0.0016400000000000008
2.5591e7	0.0017100000000000008
2.5593e7	0.0017900000000000008
2.5595e7	0.0018600000000000008
2.5597e7	0.0019500000000000008
2.5599e7	0.002030000000000001
2.5601e7	0.002090000000000001
2.5603e7	0.0021400000000000013
2.5605e7	0.0021800000000000014
2.5607e7	0.0022000000000000014
2.5609e7	0.0022500000000000016
2.5611e7	0.0023200000000000017
2.5613e7	0.002350000000000002
2.5615e7	0.0024500000000000017
2.5617e7	0.002530000000000002
2.5619e7	0.002600000000000002
2.5621e7	0.002710000000000002
2.5623e7	0.0028000000000000017
2.5625e7	0.0029100000000000016
2.5627e7	0.0030000000000000014
2.5629e7	0.003090000000000001
2.5631e7	0.003220000000000001
2.5633e7	0.003360000000000001
2.5635e7	0.003480000000000001
2.5637e7	0.0036000000000000008
2.5639e7	0.0037400000000000007
2.5641e7	0.0038700000000000006
2.5643e7	0.00404
2.5645e7	0.00417
2.5647e7	0.00432
2.5649e7	0.00442
2.5651e7	0.00464
2.5653e7	0.00476
2.5655e7	0.00489
2.5657e7	0.00502
2.5659e7	0.005180000000000001
2.5661e7	0.005320000000000001
2.5663e7	0.005560000000000001
2.5665e7	0.005750000000000001
2.5667e7	0.005980000000000001
2.5669e7	0.006110000000000001
2.5671e7	0.006250000000000001
2.5673e7	0.006380000000000001
2.5675e7	0.0065400000000000015
2.5677e7	0.006700000000000002
2.5679e7	0.006970000000000002
2.5681e7	0.007130000000000003
2.5683e7	0.007290000000000003
2.5685e7	0.0074300000000000034
2.5687e7	0.0076000000000000035
2.5689e7	0.007800000000000003
2.5691e7	0.008070000000000003
2.5693e7	0.008250000000000002
2.5695e7	0.008450000000000003
2.5697e7	0.008660000000000003
2.5699e7	0.008870000000000003
2.5701e7	0.009090000000000003
2.5703e7	0.009350000000000002
2.5705e7	0.009570000000000002
2.5707e7	0.009900000000000003
2.5709e7	0.010100000000000003
2.5711e7	0.010370000000000002
2.5713e7	0.010610000000000003
2.5715e7	0.010880000000000003
2.5717e7	0.011260000000000003
2.5719e7	0.011600000000000003
2.5721e7	0.011920000000000004
2.5723e7	0.012220000000000003
2.5725e7	0.012520000000000003
2.5727e7	0.012830000000000003
2.5729e7	0.013110000000000004
2.5731e7	0.013490000000000004
2.5733e7	0.013950000000000004
2.5735e7	0.014210000000000004
2.5737e7	0.014630000000000004
2.5739e7	0.014990000000000003
2.5741e7	0.015390000000000003
2.5743e7	0.015790000000000002
2.5745e7	0.016390000000000002
2.5747e7	0.01677
2.5749e7	0.01723
2.5751e7	0.01764
2.5753e7	0.01804
2.5755e7	0.01845
2.5757e7	0.01906
2.5759e7	0.019450000000000002
2.5761e7	0.019850000000000003
2.5763e7	0.020170000000000004
2.5765e7	0.020670000000000004
2.5767e7	0.021130000000000003
2.5769e7	0.021570000000000002
2.5771e7	0.022050000000000004
2.5773e7	0.022480000000000003
2.5775e7	0.022970000000000004
2.5777e7	0.023420000000000003
2.5779e7	0.02397
2.5781e7	0.024550000000000002
2.5783e7	0.02517
2.5785e7	0.025810000000000003
2.5787e7	0.026480000000000004
2.5789e7	0.027060000000000004
2.5791e7	0.027700000000000006
2.5793e7	0.028320000000000005
2.5795e7	0.028960000000000007
2.5797e7	0.029820000000000006
2.5799e7	0.030450000000000005
2.5801e7	0.031230000000000004
2.5803e7	0.03191
2.5805e7	0.03281
2.5807e7	0.03351
2.5809e7	0.03423
2.5811e7	0.034879999999999994
2.5813e7	0.035579999999999994
2.5815e7	0.036419999999999994
2.5817e7	0.037369999999999994
2.5819e7	0.03812999999999999
2.5821e7	0.03903999999999999
2.5823e7	0.03996999999999999
2.5825e7	0.04078999999999999
2.5827e7	0.04170999999999999
2.5829e7	0.04248999999999999
2.5831e7	0.043239999999999994
2.5833e7	0.04415999999999999
2.5835e7	0.04513999999999999
2.5837e7	0.04598999999999999
2.5839e7	0.04700999999999999
2.5841e7	0.04805999999999999
2.5843e7	0.049019999999999994
2.5845e7	0.05005
2.5847e7	0.05098
2.5849e7	0.05201
2.5851e7	0.05292
2.5853e7	0.054200000000000005
2.5855e7	0.05546
2.5857e7	0.056420000000000005
2.5859e7	0.057550000000000004
2.5861e7	0.058890000000000005
2.5863e7	0.06001000000000001
2.5865e7	0.061340000000000006
2.5867e7	0.06257
2.5869e7	0.06378
2.5871e7	0.06503
2.5873e7	0.06644
2.5875e7	0.06757
2.5877e7	0.06904
2.5879e7	0.07025
2.5881e7	0.07162
2.5883e7	0.07277
2.5885e7	0.07457
2.5887e7	0.07585
2.5889e7	0.07739
2.5891e7	0.07889
2.5893e7	0.08038000000000001
2.5895e7	0.08191000000000001
2.5897e7	0.08353000000000001
2.5899e7	0.08501
2.5901e7	0.08664000000000001
2.5903e7	0.08803000000000001
2.5905e7	0.08960000000000001
2.5907e7	0.09139000000000001
2.5909e7	0.09300000000000001
2.5911e7	0.09454000000000001
2.5913e7	0.09613000000000001
2.5915e7	0.09802000000000001
2.5917e7	0.09968
2.5919e7	0.10155
2.5921e7	0.10318000000000001
2.5923e7	0.10504000000000001
2.5925e7	0.10691
2.5927e7	0.10861000000000001
2.5929e7	0.11030000000000001
2.5931e7	0.11201000000000001
2.5933e7	0.11375000000000002
2.5935e7	0.11563000000000002
2.5937e7	0.11761000000000002
2.5939e7	0.11984000000000002
2.5941e7	0.12189000000000001
2.5943e7	0.12371000000000001
2.5945e7	0.12577000000000002
2.5947e7	0.12783000000000003
2.5949e7	0.13010000000000002
2.5951e7	0.13225000000000003
2.5953e7	0.13462000000000005
2.5955e7	0.13670000000000004
2.5957e7	0.13900000000000004
2.5959e7	0.14132000000000003
2.5961e7	0.14350000000000002
2.5963e7	0.14549
2.5965e7	0.14756
2.5967e7	0.14995
2.5969e7	0.15221
2.5971e7	0.1544
2.5973e7	0.15689
2.5975e7	0.15924
2.5977e7	0.16152
2.5979e7	0.16405999999999998
2.5981e7	0.16651999999999997
2.5983e7	0.16885999999999998
2.5985e7	0.17117
2.5987e7	0.17378
2.5989e7	0.17645
2.5991e7	0.17906
2.5993e7	0.18156
2.5995e7	0.1845
2.5997e7	0.18741
2.5999e7	0.19011
2.6001e7	0.19305
2.6003e7	0.19586
2.6005e7	0.19849
2.6007e7	0.20121
2.6009e7	0.20433
2.6011e7	0.20709000000000002
2.6013e7	0.21014000000000002
2.6015e7	0.21299
2.6017e7	0.21606
2.6019e7	0.21909
2.6021e7	0.22216
2.6023e7	0.22507
2.6025e7	0.22826
2.6027e7	0.23146999999999998
2.6029e7	0.23414999999999997
2.6031e7	0.23702999999999996
2.6033e7	0.24045999999999995
2.6035e7	0.24376999999999996
2.6037e7	0.24666999999999997
2.6039e7	0.24926999999999996
2.6041e7	0.25236
2.6043e7	0.25519
2.6045e7	0.25811999999999996
2.6047e7	0.26137999999999995
2.6049e7	0.2650799999999999
2.6051e7	0.2685599999999999
2.6053e7	0.2718099999999999
2.6055e7	0.27527999999999986
2.6057e7	0.27872999999999987
2.6059e7	0.28210999999999986
2.6061e7	0.28536999999999985
2.6063e7	0.28868999999999984
2.6065e7	0.2922899999999998
2.6067e7	0.2957199999999998
2.6069e7	0.2989699999999998
2.6071e7	0.3023099999999998
2.6073e7	0.3060399999999998
2.6075e7	0.3094199999999998
2.6077e7	0.3128599999999998
2.6079e7	0.3164499999999998
2.6081e7	0.31975999999999977
2.6083e7	0.3233799999999998
2.6085e7	0.32718999999999976
2.6087e7	0.3304299999999998
2.6089e7	0.33390999999999976
2.6091e7	0.3377499999999998
2.6093e7	0.3413199999999998
2.6095e7	0.3448199999999998
2.6097e7	0.3487499999999998
2.6099e7	0.3522499999999998
2.6101e7	0.3559299999999998
2.6103e7	0.3595699999999998
2.6105e7	0.3631999999999998
2.6107e7	0.3670099999999998
2.6109e7	0.3705799999999998
2.6111e7	0.3743999999999998
2.6113e7	0.3782199999999998
2.6115e7	0.3819399999999998
2.6117e7	0.3855999999999998
2.6119e7	0.3894299999999998
2.6121e7	0.3934799999999998
2.6123e7	0.39756999999999976
2.6125e7	0.40137999999999974
2.6127e7	0.4051399999999997
2.6129e7	0.40908999999999973
2.6131e7	0.41281999999999974
2.6133e7	0.41680999999999974
2.6135e7	0.42032999999999976
2.6137e7	0.4243399999999998
2.6139e7	0.4280599999999998
2.6141e7	0.43203999999999976
2.6143e7	0.4361099999999998
2.6145e7	0.44020999999999977
2.6147e7	0.44419999999999976
2.6149e7	0.44830999999999976
2.6151e7	0.45228999999999975
2.6153e7	0.45624999999999977
2.6155e7	0.46050999999999975
2.6157e7	0.46442999999999973
2.6159e7	0.4680799999999997
2.6161e7	0.47225999999999974
2.6163e7	0.4761299999999997
2.6165e7	0.4803299999999997
2.6167e7	0.4846799999999997
2.6169e7	0.48873999999999973
2.6171e7	0.49263999999999974
2.6173e7	0.49698999999999977
2.6175e7	0.5007899999999997
2.6177e7	0.5046699999999997
2.6179e7	0.5087999999999997
2.6181e7	0.5127399999999998
2.6183e7	0.5165699999999998
2.6185e7	0.5204199999999998
2.6187e7	0.5245799999999998
2.6189e7	0.5285299999999998
2.6191e7	0.5321999999999998
2.6193e7	0.5362699999999998
2.6195e7	0.5404199999999998
2.6197e7	0.5443699999999998
2.6199e7	0.5483499999999998
2.6201e7	0.5522899999999998
2.6203e7	0.5563299999999999
2.6205e7	0.5604699999999999
2.6207e7	0.5643599999999999
2.6209e7	0.5680999999999998
2.6211e7	0.5721399999999999
2.6213e7	0.5760899999999999
2.6215e7	0.5799699999999999
2.6217e7	0.5841299999999999
2.6219e7	0.5880099999999999
2.6221e7	0.5922999999999999
2.6223e7	0.59576
2.6225e7	0.59976
2.6227e7	0.60361
2.6229e7	0.60721
2.6231e7	0.61104
2.6233e7	0.61504
2.6235e7	0.61877
2.6237e7	0.62246
2.6239e7	0.62649
2.6241e7	0.63034
2.6243e7	0.63422
2.6245e7	0.63807
2.6247e7	0.64204
2.6249e7	0.64587
2.6251e7	0.6495500000000001
2.6253e7	0.6535200000000001
2.6255e7	0.6569100000000001
2.6257e7	0.6606500000000001
2.6259e7	0.6645000000000001
2.6261e7	0.6681600000000001
2.6263e7	0.6714700000000001
2.6265e7	0.6750000000000002
2.6267e7	0.6784300000000002
2.6269e7	0.6820300000000002
2.6271e7	0.6855800000000003
2.6273e7	0.6893100000000003
2.6275e7	0.6929200000000003
2.6277e7	0.6962800000000003
2.6279e7	0.6999100000000004
2.6281e7	0.7031900000000003
2.6283e7	0.7064700000000003
2.6285e7	0.7101800000000003
2.6287e7	0.7134400000000003
2.6289e7	0.7169000000000003
2.6291e7	0.7200100000000003
2.6293e7	0.7235300000000002
2.6295e7	0.7267000000000002
2.6297e7	0.7301400000000002
2.6299e7	0.7334800000000002
2.6301e7	0.7366100000000002
2.6303e7	0.7398400000000002
2.6305e7	0.7429900000000002
2.6307e7	0.7462500000000002
2.6309e7	0.7494900000000002
2.6311e7	0.7524500000000002
2.6313e7	0.7555800000000001
2.6315e7	0.7588200000000002
2.6317e7	0.7618600000000002
2.6319e7	0.7649100000000002
2.6321e7	0.7679400000000002
2.6323e7	0.7710000000000001
2.6325e7	0.7737200000000001
2.6327e7	0.7766600000000001
2.6329e7	0.7796200000000001
2.6331e7	0.7824200000000001
2.6333e7	0.7854300000000001
2.6335e7	0.7883100000000001
2.6337e7	0.79127
2.6339e7	0.79403
2.6341e7	0.79676
2.6343e7	0.7995800000000001
2.6345e7	0.8023600000000001
2.6347e7	0.8052
2.6349e7	0.8078000000000001
2.6351e7	0.8104300000000001
2.6353e7	0.8132400000000001
2.6355e7	0.8160000000000001
2.6357e7	0.81842
2.6359e7	0.82116
2.6361e7	0.82377
2.6363e7	0.82657
2.6365e7	0.82923
2.6367e7	0.83206
2.6369e7	0.83441
2.6371e7	0.83697
2.6373e7	0.83955
2.6375e7	0.84163
2.6377e7	0.84399
2.6379e7	0.84626
2.6381e7	0.84869
2.6383e7	0.85111
2.6385e7	0.8531500000000001
2.6387e7	0.8555300000000001
2.6389e7	0.8577800000000001
2.6391e7	0.8600200000000001
2.6393e7	0.8626900000000001
2.6395e7	0.86497
2.6397e7	0.86707
2.6399e7	0.86941
2.6401e7	0.8714000000000001
2.6403e7	0.8735400000000001
2.6405e7	0.8753600000000001
2.6407e7	0.8772100000000002
2.6409e7	0.8792400000000001
2.6411e7	0.8810600000000002
2.6413e7	0.8829100000000002
2.6415e7	0.8849700000000001
2.6417e7	0.8869400000000002
2.6419e7	0.8889300000000002
2.6421e7	0.8907700000000002
2.6423e7	0.8927800000000001
2.6425e7	0.8945600000000001
2.6427e7	0.8963100000000002
2.6429e7	0.8982200000000001
2.6431e7	0.9001600000000002
2.6433e7	0.9018100000000002
2.6435e7	0.9034400000000002
2.6437e7	0.9050000000000002
2.6439e7	0.9066800000000003
2.6441e7	0.9083200000000002
2.6443e7	0.9100500000000002
2.6445e7	0.9115900000000002
2.6447e7	0.9135400000000002
2.6449e7	0.9150400000000002
2.6451e7	0.9166100000000001
2.6453e7	0.9181100000000001
2.6455e7	0.9194500000000001
2.6457e7	0.9210000000000002
2.6459e7	0.9226900000000001
2.6461e7	0.9242200000000002
2.6463e7	0.9255900000000001
2.6465e7	0.9269100000000001
2.6467e7	0.9282100000000001
2.6469e7	0.9295500000000001
2.6471e7	0.9310400000000001
2.6473e7	0.9323100000000001
2.6475e7	0.9336400000000001
2.6477e7	0.9348800000000002
2.6479e7	0.9361500000000001
2.6481e7	0.9375900000000001
2.6483e7	0.9388400000000001
2.6485e7	0.9401700000000002
2.6487e7	0.9415300000000002
2.6489e7	0.9427000000000002
2.6491e7	0.9438300000000002
2.6493e7	0.9450400000000002
2.6495e7	0.9461200000000002
2.6497e7	0.9472200000000002
2.6499e7	0.9482200000000002
2.6501e7	0.9494000000000001
2.6503e7	0.9504700000000001
2.6505e7	0.9514800000000001
2.6507e7	0.9525500000000001
2.6509e7	0.9534400000000001
2.6511e7	0.9544400000000001
2.6513e7	0.9555400000000001
2.6515e7	0.9564800000000001
2.6517e7	0.9572400000000001
2.6519e7	0.9582300000000001
2.6521e7	0.9592200000000002
2.6523e7	0.9601400000000002
2.6525e7	0.9609100000000003
2.6527e7	0.9617300000000003
2.6529e7	0.9626200000000003
2.6531e7	0.9632500000000003
2.6533e7	0.9639400000000002
2.6535e7	0.9645700000000003
2.6537e7	0.9652400000000002
2.6539e7	0.9660300000000002
2.6541e7	0.9667600000000002
2.6543e7	0.9675300000000002
2.6545e7	0.9682800000000003
2.6547e7	0.9691100000000002
2.6549e7	0.9697900000000003
2.6551e7	0.9704800000000002
2.6553e7	0.9711200000000002
2.6555e7	0.9719200000000002
2.6557e7	0.9725400000000002
2.6559e7	0.9732400000000002
2.6561e7	0.9737400000000002
2.6563e7	0.9743400000000002
2.6565e7	0.9749200000000002
2.6567e7	0.9754700000000003
2.6569e7	0.9760000000000003
2.6571e7	0.9765200000000003
2.6573e7	0.9771900000000002
2.6575e7	0.9775900000000002
2.6577e7	0.9780600000000002
2.6579e7	0.9785600000000001
2.6581e7	0.9790900000000001
2.6583e7	0.9795900000000001
2.6585e7	0.97999
2.6587e7	0.9805
2.6589e7	0.9809800000000001
2.6591e7	0.9814700000000001
2.6593e7	0.9819100000000001
2.6595e7	0.9822400000000001
2.6597e7	0.9826600000000001
2.6599e7	0.9831400000000001
2.6601e7	0.9835700000000002
2.6603e7	0.9839200000000001
2.6605e7	0.9843600000000001
2.6607e7	0.9846800000000001
2.6609e7	0.9850400000000001
2.6611e7	0.9853900000000001
2.6613e7	0.98589
2.6615e7	0.9862500000000001
2.6617e7	0.98653
2.6619e7	0.98681
2.6621e7	0.98702
2.6623e7	0.9872
2.6625e7	0.98751
2.6627e7	0.98778
2.6629e7	0.98813
2.6631e7	0.98844
2.6633e7	0.98868
2.6635e7	0.98897
2.6637e7	0.98928
2.6639e7	0.98962
2.6641e7	0.98987
2.6643e7	0.99015
2.6645e7	0.99047
2.6647e7	0.99064
2.6649e7	0.99097
2.6651e7	0.9911800000000001
2.6653e7	0.99136
2.6655e7	0.9915700000000001
2.6657e7	0.9918100000000001
2.6659e7	0.9920300000000001
2.6661e7	0.9922000000000001
2.6663e7	0.9923500000000001
2.6665e7	0.99258
2.6667e7	0.9927900000000001
2.6669e7	0.99299
2.6671e7	0.99307
2.6673e7	0.99332
2.6675e7	0.99351
2.6677e7	0.99364
2.6679e7	0.99375
2.6681e7	0.9938600000000001
2.6683e7	0.99399
2.6685e7	0.99419
2.6687e7	0.99434
2.6689e7	0.99451
2.6691e7	0.99467
2.6693e7	0.99475
2.6695e7	0.99493
2.6697e7	0.99508
2.6699e7	0.99527
2.6701e7	0.99537
2.6703e7	0.99553
2.6705e7	0.99565
2.6707e7	0.9957600000000001
2.6709e7	0.9959800000000001
2.6711e7	0.9960600000000001
2.6713e7	0.9961800000000001
2.6715e7	0.9963400000000001
2.6717e7	0.9964300000000001
2.6719e7	0.9965300000000001
2.6721e7	0.9966100000000001
2.6723e7	0.9966800000000001
2.6725e7	0.9968100000000001
2.6727e7	0.9969200000000001
2.6729e7	0.9970000000000001
2.6731e7	0.9971200000000001
2.6733e7	0.9972700000000001
2.6735e7	0.9974200000000001
2.6737e7	0.9975100000000001
2.6739e7	0.9975500000000002
2.6741e7	0.9976400000000002
2.6743e7	0.9977400000000002
2.6745e7	0.9977900000000002
2.6747e7	0.9978800000000002
2.6749e7	0.9979400000000002
2.6751e7	0.9980000000000001
2.6753e7	0.9981300000000001
2.6755e7	0.9981800000000001
2.6757e7	0.9982000000000001
2.6759e7	0.9983100000000001
2.6761e7	0.9983200000000001
2.6763e7	0.9984000000000001
2.6765e7	0.9984500000000001
2.6767e7	0.99853
2.6769e7	0.99856
2.6771e7	0.99859
2.6773e7	0.99862
2.6775e7	0.99864
2.6777e7	0.99873
2.6779e7	0.99878
2.6781e7	0.99881
2.6783e7	0.99889
2.6785e7	0.99893
2.6787e7	0.99896
2.6789e7	0.9989899999999999
2.6791e7	0.9989999999999999
2.6793e7	0.9990299999999999
2.6795e7	0.9990499999999999
2.6797e7	0.9990699999999999
2.6799e7	0.9991099999999999
2.6801e7	0.99913
2.6803e7	0.99915
2.6805e7	0.9992099999999999
2.6807e7	0.9992099999999999
2.6809e7	0.9992199999999999
2.6811e7	0.9992399999999999
2.6813e7	0.9992499999999999
2.6815e7	0.9992699999999999
2.6817e7	0.9992899999999999
2.6819e7	0.9993099999999999
2.6821e7	0.9993299999999999
2.6823e7	0.9993599999999999
2.6825e7	0.9993599999999999
2.6827e7	0.9993899999999999
2.6829e7	0.9993999999999998
2.6831e7	0.9994099999999998
2.6833e7	0.9994199999999998
2.6835e7	0.9994499999999997
2.6837e7	0.9994799999999997
2.6839e7	0.9994999999999997
2.6841e7	0.9995099999999997
2.6843e7	0.9995199999999996
2.6845e7	0.9995399999999997
2.6847e7	0.9995799999999997
2.6849e7	0.9995899999999996
2.6851e7	0.9996299999999997
2.6853e7	0.9996399999999996
2.6855e7	0.9996599999999997
2.6857e7	0.9996599999999997
2.6859e7	0.9996799999999997
2.6861e7	0.9996799999999997
2.6863e7	0.9996799999999997
2.6865e7	0.9996799999999997
2.6867e7	0.9996999999999997
2.6869e7	0.9997199999999997
2.6871e7	0.9997399999999997
2.6873e7	0.9997599999999998
2.6875e7	0.9997599999999998
2.6877e7	0.9997599999999998
2.6879e7	0.9997899999999997
2.6881e7	0.9997899999999997
2.6883e7	0.9997899999999997
2.6885e7	0.9997899999999997
2.6887e7	0.9997999999999997
2.6889e7	0.9997999999999997
2.6891e7	0.9997999999999997
2.6893e7	0.9998199999999997
2.6895e7	0.9998199999999997
2.6897e7	0.9998499999999997
2.6899e7	0.9998499999999997
2.6901e7	0.9998699999999997
2.6903e7	0.9998699999999997
2.6905e7	0.9998699999999997
2.6907e7	0.9998799999999997
2.6909e7	0.9998899999999996
2.6911e7	0.9998899999999996
2.6913e7	0.9998899999999996
2.6915e7	0.9998899999999996
2.6917e7	0.9998899999999996
2.6919e7	0.9998899999999996
2.6921e7	0.9998899999999996
2.6923e7	0.9998899999999996
2.6925e7	0.9998899999999996
2.6927e7	0.9998999999999996
2.6929e7	0.9998999999999996
2.6931e7	0.9998999999999996
2.6933e7	0.9999199999999996
2.6935e7	0.9999299999999995
2.6937e7	0.9999299999999995
2.6939e7	0.9999399999999995
2.6941e7	0.9999399999999995
2.6943e7	0.9999399999999995
2.6945e7	0.9999399999999995
2.6947e7	0.9999499999999995
2.6949e7	0.9999499999999995
2.6951e7	0.9999499999999995
2.6953e7	0.9999599999999994
2.6955e7	0.9999599999999994
2.6957e7	0.9999599999999994
2.6959e7	0.9999599999999994
2.6961e7	0.9999599999999994
2.6963e7	0.9999599999999994
2.6965e7	0.9999599999999994
2.6967e7	0.9999599999999994
2.6969e7	0.9999599999999994
2.6971e7	0.9999599999999994
2.6973e7	0.9999599999999994
2.6975e7	0.9999599999999994
2.6977e7	0.9999599999999994
2.6979e7	0.9999599999999994
2.6981e7	0.9999599999999994
2.6983e7	0.9999599999999994
2.6985e7	0.9999599999999994
2.6987e7	0.9999599999999994
2.6989e7	0.9999699999999994
2.6991e7	0.9999699999999994
2.6993e7	0.9999699999999994
2.6995e7	0.9999699999999994
2.6997e7	0.9999699999999994
2.6999e7	0.9999699999999994
2.7001e7	0.9999699999999994
2.7003e7	0.9999699999999994
2.7005e7	0.9999699999999994
2.7007e7	0.9999799999999993
2.7009e7	0.9999799999999993
2.7011e7	0.9999899999999993
2.7013e7	0.9999899999999993
2.7015e7	0.9999899999999993
2.7017e7	0.9999899999999993
2.7019e7	0.9999999999999992
