x	y
-227500.0	0.0001
-222500.0	0.0001
-217500.0	0.0001
-212500.0	0.0001
-207500.0	0.0001
-202500.0	0.0001
-197500.0	0.0001
-192500.0	0.0001
-187500.0	0.0001
-182500.0	0.0001
-177500.0	0.0001
-172500.0	0.0001
-167500.0	0.0001
-162500.0	0.0001
-157500.0	0.0001
-152500.0	0.0001
-147500.0	0.0001
-142500.0	0.0001
-137500.0	0.0001
-132500.0	0.0001
-127500.0	0.0001
-122500.0	0.0001
-117500.0	0.0001
-112500.0	0.0001
-107500.0	0.0001
-102500.0	0.0001
-97500.0	0.0001
-92500.0	0.0002
-87500.0	0.0002
-82500.0	0.0002
-77500.0	0.0002
-72500.0	0.0002
-67500.0	0.0002
-62500.0	0.0002
-57500.0	0.0002
-52500.0	0.00030000000000000003
-47500.0	0.00030000000000000003
-42500.0	0.0004
-37500.0	0.0005
-32500.0	0.0006000000000000001
-27500.0	0.0006000000000000001
-22500.0	0.0006000000000000001
-17500.0	0.0007000000000000001
-12500.0	0.0007000000000000001
-7500.0	0.0008000000000000001
-2500.0	0.0008000000000000001
2500.0	0.0009000000000000002
7500.0	0.0010000000000000002
12500.0	0.0010000000000000002
17500.0	0.0011000000000000003
22500.0	0.0015000000000000002
27500.0	0.0018000000000000002
32500.0	0.002
37500.0	0.002
42500.0	0.0021
47500.0	0.0021999999999999997
52500.0	0.0022999999999999995
57500.0	0.0022999999999999995
62500.0	0.0023999999999999994
67500.0	0.0025999999999999994
72500.0	0.0027999999999999995
77500.0	0.0031999999999999997
82500.0	0.0032999999999999995
87500.0	0.0036999999999999997
92500.0	0.0039
97500.0	0.0039
102500.0	0.0040999999999999995
107500.0	0.0045
112500.0	0.004699999999999999
117500.0	0.0050999999999999995
122500.0	0.005399999999999999
127500.0	0.005899999999999999
132500.0	0.005999999999999999
137500.0	0.006299999999999999
142500.0	0.006699999999999999
147500.0	0.0073999999999999995
152500.0	0.0078
157500.0	0.0081
162500.0	0.0086
167500.0	0.0097
172500.0	0.0103
177500.0	0.0108
182500.0	0.0114
187500.0	0.0122
192500.0	0.0128
197500.0	0.0134
202500.0	0.0144
207500.0	0.015099999999999999
212500.0	0.015899999999999997
217500.0	0.0168
222500.0	0.018099999999999998
227500.0	0.019399999999999997
232500.0	0.0209
237500.0	0.021599999999999998
242500.0	0.022399999999999996
247500.0	0.023199999999999995
252500.0	0.024099999999999996
257500.0	0.025099999999999997
262500.0	0.026
267500.0	0.0265
272500.0	0.0272
277500.0	0.028999999999999998
282500.0	0.030399999999999996
287500.0	0.031999999999999994
292500.0	0.033699999999999994
297500.0	0.034499999999999996
302500.0	0.0363
307500.0	0.038
312500.0	0.0397
317500.0	0.0412
322500.0	0.0431
327500.0	0.0462
332500.0	0.048299999999999996
337500.0	0.0501
342500.0	0.0518
347500.0	0.0538
352500.0	0.0554
357500.0	0.0577
362500.0	0.0608
367500.0	0.0621
372500.0	0.0643
377500.0	0.06709999999999999
382500.0	0.0701
387500.0	0.07179999999999999
392500.0	0.07379999999999999
397500.0	0.07649999999999998
402500.0	0.07859999999999999
407500.0	0.08179999999999998
412500.0	0.08359999999999998
417500.0	0.08659999999999998
422500.0	0.09059999999999999
427500.0	0.09369999999999999
432500.0	0.09739999999999999
437500.0	0.10139999999999999
442500.0	0.1045
447500.0	0.1079
452500.0	0.1124
457500.0	0.1158
462500.0	0.1191
467500.0	0.1219
472500.0	0.12539999999999998
477500.0	0.12949999999999998
482500.0	0.13489999999999996
487500.0	0.13859999999999997
492500.0	0.14309999999999998
497500.0	0.14689999999999998
502500.0	0.15149999999999997
507500.0	0.15519999999999998
512500.0	0.1594
517500.0	0.16419999999999998
522500.0	0.1679
527500.0	0.1722
532500.0	0.1762
537500.0	0.1815
542500.0	0.18589999999999998
547500.0	0.19129999999999997
552500.0	0.19509999999999997
557500.0	0.19989999999999997
562500.0	0.20459999999999998
567500.0	0.21049999999999996
572500.0	0.21739999999999995
577500.0	0.22309999999999997
582500.0	0.22889999999999996
587500.0	0.23339999999999997
592500.0	0.23909999999999998
597500.0	0.24649999999999997
602500.0	0.25189999999999996
607500.0	0.2583
612500.0	0.26389999999999997
617500.0	0.26959999999999995
622500.0	0.27559999999999996
627500.0	0.28119999999999995
632500.0	0.28689999999999993
637500.0	0.29229999999999995
642500.0	0.29889999999999994
647500.0	0.30529999999999996
652500.0	0.30989999999999995
657500.0	0.31599999999999995
662500.0	0.32309999999999994
667500.0	0.32969999999999994
672500.0	0.33529999999999993
677500.0	0.3430999999999999
682500.0	0.3503999999999999
687500.0	0.3558999999999999
692500.0	0.3612999999999999
697500.0	0.3673999999999999
702500.0	0.3740999999999999
707500.0	0.3810999999999999
712500.0	0.38779999999999987
717500.0	0.39399999999999985
722500.0	0.40059999999999985
727500.0	0.40679999999999983
732500.0	0.41159999999999985
737500.0	0.41929999999999984
742500.0	0.42639999999999983
747500.0	0.4325999999999998
752500.0	0.4391999999999998
757500.0	0.44559999999999983
762500.0	0.4521999999999998
767500.0	0.4588999999999998
772500.0	0.4670999999999998
777500.0	0.4742999999999998
782500.0	0.48039999999999977
787500.0	0.4866999999999998
792500.0	0.4938999999999998
797500.0	0.49959999999999977
802500.0	0.5059999999999998
807500.0	0.5129999999999998
812500.0	0.5189999999999998
817500.0	0.5252999999999998
822500.0	0.5318999999999998
827500.0	0.5389999999999998
832500.0	0.5465999999999999
837500.0	0.5523999999999999
842500.0	0.5588999999999998
847500.0	0.5653999999999998
852500.0	0.5709999999999998
857500.0	0.5767999999999999
862500.0	0.5837999999999999
867500.0	0.5909999999999999
872500.0	0.5971999999999998
877500.0	0.6034999999999998
882500.0	0.6097999999999998
887500.0	0.6163999999999998
892500.0	0.6231999999999999
897500.0	0.6297999999999999
902500.0	0.6358999999999999
907500.0	0.6428999999999999
912500.0	0.6478999999999999
917500.0	0.6533999999999999
922500.0	0.6602999999999999
927500.0	0.6655999999999999
932500.0	0.6714999999999999
937500.0	0.6765999999999999
942500.0	0.6820999999999998
947500.0	0.6896999999999999
952500.0	0.6945999999999999
957500.0	0.6993999999999999
962500.0	0.7047999999999999
967500.0	0.7090999999999998
972500.0	0.7147999999999999
977500.0	0.7208999999999999
982500.0	0.7264999999999999
987500.0	0.7317999999999999
992500.0	0.7372999999999998
997500.0	0.7434999999999998
1.0025e6	0.7486999999999998
1.0075e6	0.7537999999999998
1.0125e6	0.7582999999999998
1.0175e6	0.7634999999999997
1.0225e6	0.7672999999999998
1.0275e6	0.7715999999999997
1.0325e6	0.7765999999999997
1.0375e6	0.7803999999999998
1.0425e6	0.7855999999999997
1.0475e6	0.7902999999999998
1.0525e6	0.7949999999999998
1.0575e6	0.7998999999999998
1.0625e6	0.8041999999999998
1.0675e6	0.8077999999999999
1.0725e6	0.8116999999999999
1.0775e6	0.8153999999999999
1.0825e6	0.8181999999999999
1.0875e6	0.8224999999999999
1.0925e6	0.8258999999999999
1.0975e6	0.8289999999999998
1.1025e6	0.8325999999999999
1.1075e6	0.8372999999999999
1.1125e6	0.8412
1.1175e6	0.8443999999999999
1.1225e6	0.8477999999999999
1.1275e6	0.8521999999999998
1.1325e6	0.8552999999999998
1.1375e6	0.8587999999999998
1.1425e6	0.8608999999999998
1.1475e6	0.8645999999999998
1.1525e6	0.8679999999999998
1.1575e6	0.8705999999999998
1.1625e6	0.8728999999999998
1.1675e6	0.8767999999999998
1.1725e6	0.8803999999999998
1.1775e6	0.8833999999999999
1.1825e6	0.8866999999999998
1.1875e6	0.8890999999999998
1.1925e6	0.8913999999999997
1.1975e6	0.8939999999999998
1.2025e6	0.8963999999999998
1.2075e6	0.8986999999999997
1.2125e6	0.9016999999999997
1.2175e6	0.9035999999999997
1.2225e6	0.9058999999999997
1.2275e6	0.9078999999999997
1.2325e6	0.9098999999999997
1.2375e6	0.9123999999999997
1.2425e6	0.9137999999999996
1.2475e6	0.9154999999999996
1.2525e6	0.9181999999999997
1.2575e6	0.9204999999999997
1.2625e6	0.9227999999999996
1.2675e6	0.9242999999999996
1.2725e6	0.9265999999999995
1.2775e6	0.9292999999999996
1.2825e6	0.9305999999999995
1.2875e6	0.9327999999999995
1.2925e6	0.9342999999999995
1.2975e6	0.9361999999999995
1.3025e6	0.9378999999999995
1.3075e6	0.9396999999999995
1.3125e6	0.9409999999999995
1.3175e6	0.9429999999999995
1.3225e6	0.9439999999999995
1.3275e6	0.9460999999999995
1.3325e6	0.9475999999999994
1.3375e6	0.9491999999999995
1.3425e6	0.9508999999999995
1.3475e6	0.9523999999999995
1.3525e6	0.9537999999999994
1.3575e6	0.9549999999999994
1.3625e6	0.9559999999999994
1.3675e6	0.9568999999999994
1.3725e6	0.9580999999999994
1.3775e6	0.9589999999999994
1.3825e6	0.9600999999999994
1.3875e6	0.9611999999999994
1.3925e6	0.9621999999999994
1.3975e6	0.9626999999999993
1.4025e6	0.9642999999999994
1.4075e6	0.9654999999999994
1.4125e6	0.9663999999999994
1.4175e6	0.9669999999999994
1.4225e6	0.9677999999999994
1.4275e6	0.9685999999999995
1.4325e6	0.9697999999999994
1.4375e6	0.9702999999999994
1.4425e6	0.9712999999999994
1.4475e6	0.9717999999999993
1.4525e6	0.9726999999999993
1.4575e6	0.9737999999999993
1.4625e6	0.9744999999999994
1.4675e6	0.9751999999999994
1.4725e6	0.9759999999999994
1.4775e6	0.9762999999999994
1.4825e6	0.9777999999999993
1.4875e6	0.9784999999999994
1.4925e6	0.9792999999999994
1.4975e6	0.9800999999999994
1.5025e6	0.9805999999999994
1.5075e6	0.9815999999999994
1.5125e6	0.9823999999999994
1.5175e6	0.9826999999999994
1.5225e6	0.9829999999999993
1.5275e6	0.9834999999999993
1.5325e6	0.9840999999999993
1.5375e6	0.9846999999999994
1.5425e6	0.9854999999999994
1.5475e6	0.9858999999999993
1.5525e6	0.9862999999999993
1.5575e6	0.9864999999999993
1.5625e6	0.9866999999999992
1.5675e6	0.9873999999999993
1.5725e6	0.9877999999999992
1.5775e6	0.9880999999999992
1.5825e6	0.9886999999999992
1.5875e6	0.9891999999999992
1.5925e6	0.9896999999999991
1.5975e6	0.9899999999999991
1.6025e6	0.9901999999999991
1.6075e6	0.9902999999999991
1.6125e6	0.9903999999999991
1.6175e6	0.990799999999999
1.6225e6	0.991199999999999
1.6275e6	0.991299999999999
1.6325e6	0.9916999999999989
1.6375e6	0.9919999999999989
1.6425e6	0.9922999999999988
1.6475e6	0.9924999999999988
1.6525e6	0.9928999999999988
1.6575e6	0.9931999999999988
1.6625e6	0.9932999999999987
1.6675e6	0.9934999999999987
1.6725e6	0.9936999999999987
1.6775e6	0.9939999999999987
1.6825e6	0.9940999999999987
1.6875e6	0.9942999999999986
1.6925e6	0.9942999999999986
1.6975e6	0.9944999999999986
1.7025e6	0.9944999999999986
1.7075e6	0.9944999999999986
1.7125e6	0.9946999999999986
1.7175e6	0.9947999999999986
1.7225e6	0.9948999999999986
1.7275e6	0.9950999999999985
1.7325e6	0.9953999999999985
1.7375e6	0.9954999999999985
1.7425e6	0.9958999999999985
1.7475e6	0.9960999999999984
1.7525e6	0.9962999999999984
1.7575e6	0.9963999999999984
1.7625e6	0.9964999999999984
1.7675e6	0.9965999999999984
1.7725e6	0.9965999999999984
1.7775e6	0.9965999999999984
1.7825e6	0.9965999999999984
1.7875e6	0.9965999999999984
1.7925e6	0.9966999999999984
1.7975e6	0.9968999999999983
1.8025e6	0.9969999999999983
1.8075e6	0.9969999999999983
1.8125e6	0.9971999999999983
1.8175e6	0.9972999999999983
1.8225e6	0.9972999999999983
1.8275e6	0.9973999999999983
1.8325e6	0.9974999999999983
1.8375e6	0.9977999999999982
1.8425e6	0.9977999999999982
1.8475e6	0.9978999999999982
1.8525e6	0.9978999999999982
1.8575e6	0.9978999999999982
1.8625e6	0.9978999999999982
1.8675e6	0.9979999999999982
1.8725e6	0.9979999999999982
1.8775e6	0.9980999999999982
1.8825e6	0.9981999999999982
1.8875e6	0.9981999999999982
1.8925e6	0.9982999999999982
1.8975e6	0.9982999999999982
1.9025e6	0.9982999999999982
1.9075e6	0.9982999999999982
1.9125e6	0.9983999999999982
1.9175e6	0.9983999999999982
1.9225e6	0.9983999999999982
1.9275e6	0.9985999999999982
1.9325e6	0.9985999999999982
1.9375e6	0.9987999999999981
1.9425e6	0.9987999999999981
1.9475e6	0.9989999999999981
1.9525e6	0.9989999999999981
1.9575e6	0.9990999999999981
1.9625e6	0.9991999999999981
1.9675e6	0.9992999999999981
1.9725e6	0.9992999999999981
1.9775e6	0.9992999999999981
1.9825e6	0.9992999999999981
1.9875e6	0.9993999999999981
1.9925e6	0.9993999999999981
1.9975e6	0.9993999999999981
2.0025e6	0.9993999999999981
2.0075e6	0.9993999999999981
2.0125e6	0.9993999999999981
2.0175e6	0.9993999999999981
2.0225e6	0.9994999999999981
2.0275e6	0.9994999999999981
2.0325e6	0.9994999999999981
2.0375e6	0.9994999999999981
2.0425e6	0.9994999999999981
2.0475e6	0.999699999999998
2.0525e6	0.999799999999998
2.0575e6	0.999899999999998
2.0625e6	0.999899999999998
2.0675e6	0.999999999999998
