x	y
-1.1175e6	1.0e-6
-1.1125e6	1.0e-6
-1.1075e6	1.0e-6
-1.1025e6	1.0e-6
-1.0975e6	2.0e-6
-1.0925e6	2.0e-6
-1.0875e6	2.0e-6
-1.0825e6	2.0e-6
-1.0775e6	2.0e-6
-1.0725e6	2.0e-6
-1.0675e6	3.0e-6
-1.0625e6	3.0e-6
-1.0575e6	3.0e-6
-1.0525e6	3.0e-6
-1.0475e6	3.0e-6
-1.0425e6	3.0e-6
-1.0375e6	3.0e-6
-1.0325e6	3.0e-6
-1.0275e6	4.0e-6
-1.0225e6	4.0e-6
-1.0175e6	4.0e-6
-1.0125e6	4.0e-6
-1.0075e6	4.0e-6
-1.0025e6	4.9999999999999996e-6
-997500.0	4.9999999999999996e-6
-992500.0	5.999999999999999e-6
-987500.0	6.999999999999999e-6
-982500.0	8.0e-6
-977500.0	9.0e-6
-972500.0	9.0e-6
-967500.0	9.0e-6
-962500.0	9.0e-6
-957500.0	9.0e-6
-952500.0	1.0e-5
-947500.0	1.0e-5
-942500.0	1.2e-5
-937500.0	1.3000000000000001e-5
-932500.0	1.4000000000000001e-5
-927500.0	1.5000000000000002e-5
-922500.0	1.5000000000000002e-5
-917500.0	1.6000000000000003e-5
-912500.0	1.6000000000000003e-5
-907500.0	1.7000000000000003e-5
-902500.0	1.8000000000000004e-5
-897500.0	1.9000000000000004e-5
-892500.0	2.0000000000000005e-5
-887500.0	2.1000000000000006e-5
-882500.0	2.3000000000000007e-5
-877500.0	2.5000000000000008e-5
-872500.0	2.600000000000001e-5
-867500.0	2.600000000000001e-5
-862500.0	2.600000000000001e-5
-857500.0	2.800000000000001e-5
-852500.0	2.900000000000001e-5
-847500.0	3.000000000000001e-5
-842500.0	3.300000000000001e-5
-837500.0	3.600000000000001e-5
-832500.0	3.7000000000000005e-5
-827500.0	3.7000000000000005e-5
-822500.0	4.0e-5
-817500.0	4.3e-5
-812500.0	4.5e-5
-807500.0	4.6e-5
-802500.0	4.7e-5
-797500.0	4.7999999999999994e-5
-792500.0	4.899999999999999e-5
-787500.0	5.199999999999999e-5
-782500.0	5.599999999999999e-5
-777500.0	5.9999999999999995e-5
-772500.0	6.099999999999999e-5
-767500.0	6.299999999999999e-5
-762500.0	6.399999999999998e-5
-757500.0	6.699999999999999e-5
-752500.0	7.0e-5
-747500.0	7.199999999999999e-5
-742500.0	7.399999999999998e-5
-737500.0	7.799999999999999e-5
-732500.0	8.299999999999998e-5
-727500.0	8.499999999999998e-5
-722500.0	8.699999999999997e-5
-717500.0	9.099999999999998e-5
-712500.0	9.399999999999998e-5
-707500.0	0.00010199999999999999
-702500.0	0.00010599999999999999
-697500.0	0.00010699999999999999
-692500.0	0.00011199999999999998
-687500.0	0.00011799999999999998
-682500.0	0.00012599999999999997
-677500.0	0.00013299999999999998
-672500.0	0.000138
-667500.0	0.00014
-662500.0	0.000146
-657500.0	0.000152
-652500.0	0.00015800000000000002
-647500.0	0.000162
-642500.0	0.00016800000000000002
-637500.0	0.00017400000000000003
-632500.0	0.00018200000000000003
-627500.0	0.00018700000000000005
-622500.0	0.00019200000000000006
-617500.0	0.00020000000000000006
-612500.0	0.00021000000000000006
-607500.0	0.00021700000000000007
-602500.0	0.00022800000000000007
-597500.0	0.00023000000000000006
-592500.0	0.00023500000000000007
-587500.0	0.0002400000000000001
-582500.0	0.0002520000000000001
-577500.0	0.0002610000000000001
-572500.0	0.0002670000000000001
-567500.0	0.0002770000000000001
-562500.0	0.0002810000000000001
-557500.0	0.0002890000000000001
-552500.0	0.0002980000000000001
-547500.0	0.0003020000000000001
-542500.0	0.0003090000000000001
-537500.0	0.0003160000000000001
-532500.0	0.0003220000000000001
-527500.0	0.0003230000000000001
-522500.0	0.0003400000000000001
-517500.0	0.00034600000000000006
-512500.0	0.00036200000000000007
-507500.0	0.0003760000000000001
-502500.0	0.0003920000000000001
-497500.0	0.0004090000000000001
-492500.0	0.00042600000000000005
-487500.0	0.00044000000000000007
-482500.0	0.00045500000000000006
-477500.0	0.00047100000000000006
-472500.0	0.0004910000000000001
-467500.0	0.0005110000000000002
-462500.0	0.0005330000000000002
-457500.0	0.0005560000000000002
-452500.0	0.0005810000000000001
-447500.0	0.0006000000000000002
-442500.0	0.0006260000000000001
-437500.0	0.0006460000000000002
-432500.0	0.0006700000000000002
-427500.0	0.0007000000000000002
-422500.0	0.0007240000000000003
-417500.0	0.0007550000000000002
-412500.0	0.0007840000000000002
-407500.0	0.0008140000000000002
-402500.0	0.0008510000000000002
-397500.0	0.0008850000000000002
-392500.0	0.0009110000000000001
-387500.0	0.0009460000000000001
-382500.0	0.0009760000000000001
-377500.0	0.0010140000000000001
-372500.0	0.001046
-367500.0	0.0010860000000000002
-362500.0	0.0011240000000000002
-357500.0	0.0011720000000000003
-352500.0	0.0012130000000000003
-347500.0	0.0012580000000000002
-342500.0	0.0012970000000000002
-337500.0	0.001347
-332500.0	0.0014000000000000002
-327500.0	0.0014500000000000001
-322500.0	0.0015080000000000002
-317500.0	0.0015600000000000002
-312500.0	0.0016140000000000002
-307500.0	0.0016700000000000003
-302500.0	0.0017320000000000002
-297500.0	0.0017980000000000003
-292500.0	0.0018690000000000004
-287500.0	0.0019530000000000005
-282500.0	0.0020400000000000006
-277500.0	0.0021140000000000004
-272500.0	0.0021950000000000003
-267500.0	0.0022810000000000005
-262500.0	0.0023530000000000005
-257500.0	0.0024460000000000007
-252500.0	0.0025430000000000006
-247500.0	0.0026550000000000007
-242500.0	0.0027590000000000006
-237500.0	0.0028450000000000007
-232500.0	0.0029760000000000008
-227500.0	0.003111000000000001
-222500.0	0.0032400000000000007
-217500.0	0.0033760000000000005
-212500.0	0.0035110000000000007
-207500.0	0.0036640000000000006
-202500.0	0.0038170000000000005
-197500.0	0.003986000000000001
-192500.0	0.004154000000000001
-187500.0	0.004307000000000001
-182500.0	0.004480000000000001
-177500.0	0.004652000000000002
-172500.0	0.004818000000000002
-167500.0	0.005003000000000002
-162500.0	0.005187000000000002
-157500.0	0.005378000000000003
-152500.0	0.005572000000000002
-147500.0	0.0057760000000000025
-142500.0	0.005986000000000003
-137500.0	0.006203000000000003
-132500.0	0.0064360000000000025
-127500.0	0.0066910000000000025
-122500.0	0.0069650000000000024
-117500.0	0.007239000000000002
-112500.0	0.007517000000000002
-107500.0	0.007828000000000002
-102500.0	0.008135000000000002
-97500.0	0.008471000000000001
-92500.0	0.008807
-87500.0	0.009136
-82500.0	0.009507
-77500.0	0.009866999999999999
-72500.0	0.010266999999999998
-67500.0	0.010643999999999999
-62500.0	0.011104999999999999
-57500.0	0.011567999999999998
-52500.0	0.012061999999999998
-47500.0	0.012559999999999998
-42500.0	0.013071999999999999
-37500.0	0.013593
-32500.0	0.014143999999999999
-27500.0	0.014738
-22500.0	0.015361999999999999
-17500.0	0.01596
-12500.0	0.016637
-7500.0	0.017311
-2500.0	0.01798
2500.0	0.018741999999999998
7500.0	0.019454
12500.0	0.020255
17500.0	0.021077
22500.0	0.021918
27500.0	0.022779
32500.0	0.023757
37500.0	0.024721
42500.0	0.025802
47500.0	0.026914999999999998
52500.0	0.028054
57500.0	0.029207
62500.0	0.030355
67500.0	0.03166
72500.0	0.03301
77500.0	0.034401
82500.0	0.035878
87500.0	0.037381
92500.0	0.039058999999999996
97500.0	0.040728999999999994
102500.0	0.04248199999999999
107500.0	0.04425599999999999
112500.0	0.04619699999999999
117500.0	0.04817399999999999
122500.0	0.05026899999999999
127500.0	0.052458999999999985
132500.0	0.05482699999999999
137500.0	0.057219999999999986
142500.0	0.059758999999999986
147500.0	0.062415999999999985
152500.0	0.06512799999999999
157500.0	0.06803
162500.0	0.07096599999999999
167500.0	0.074081
172500.0	0.07739099999999999
177500.0	0.08081499999999998
182500.0	0.08434699999999998
187500.0	0.08799599999999998
192500.0	0.09185099999999997
197500.0	0.09580799999999998
202500.0	0.10008299999999998
207500.0	0.10445799999999998
212500.0	0.10913699999999998
217500.0	0.11387899999999998
222500.0	0.11884699999999998
227500.0	0.12400899999999998
232500.0	0.12936999999999999
237500.0	0.134759
242500.0	0.140432
247500.0	0.14641
252500.0	0.152678
257500.0	0.158947
262500.0	0.165735
267500.0	0.172626
272500.0	0.179752
277500.0	0.18706
282500.0	0.194698
287500.0	0.202355
292500.0	0.210396
297500.0	0.218532
302500.0	0.227022
307500.0	0.235804
312500.0	0.24472000000000002
317500.0	0.25370600000000004
322500.0	0.26295700000000005
327500.0	0.27245300000000006
332500.0	0.28217400000000004
337500.0	0.291951
342500.0	0.301943
347500.0	0.31225600000000003
352500.0	0.32243200000000005
357500.0	0.3329710000000001
362500.0	0.3435310000000001
367500.0	0.3541870000000001
372500.0	0.3650020000000001
377500.0	0.3757220000000001
382500.0	0.3867580000000001
387500.0	0.3977730000000001
392500.0	0.4086470000000001
397500.0	0.41966900000000007
402500.0	0.4307390000000001
407500.0	0.4418040000000001
412500.0	0.4529760000000001
417500.0	0.4640090000000001
422500.0	0.4750920000000001
427500.0	0.4862090000000001
432500.0	0.4969440000000001
437500.0	0.507936
442500.0	0.5187520000000001
447500.0	0.5296000000000001
452500.0	0.5401750000000001
457500.0	0.5506040000000001
462500.0	0.5609290000000001
467500.0	0.5712310000000002
472500.0	0.5813830000000002
477500.0	0.5913170000000002
482500.0	0.6010370000000002
487500.0	0.6107530000000001
492500.0	0.6203810000000001
497500.0	0.629824
502500.0	0.639193
507500.0	0.648362
512500.0	0.657169
517500.0	0.665817
522500.0	0.674337
527500.0	0.6826519999999999
532500.0	0.6908629999999999
537500.0	0.6989509999999999
542500.0	0.7068549999999999
547500.0	0.7145579999999999
552500.0	0.7222179999999999
557500.0	0.7295759999999999
562500.0	0.7368329999999998
567500.0	0.7439409999999999
572500.0	0.7508809999999998
577500.0	0.7576989999999998
582500.0	0.7641709999999998
587500.0	0.7705239999999999
592500.0	0.7766259999999999
597500.0	0.7828229999999999
602500.0	0.7886489999999999
607500.0	0.7944399999999999
612500.0	0.799939
617500.0	0.805377
622500.0	0.810695
627500.0	0.815845
632500.0	0.8209470000000001
637500.0	0.8259110000000001
642500.0	0.8305950000000001
647500.0	0.8351170000000001
652500.0	0.8396580000000001
657500.0	0.8439990000000002
662500.0	0.8483320000000002
667500.0	0.8524590000000002
672500.0	0.8565370000000002
677500.0	0.8603650000000003
682500.0	0.8642290000000002
687500.0	0.8679130000000003
692500.0	0.8714760000000003
697500.0	0.8748470000000003
702500.0	0.8781540000000002
707500.0	0.8815080000000002
712500.0	0.8847690000000001
717500.0	0.8878260000000001
722500.0	0.8909130000000001
727500.0	0.8938250000000001
732500.0	0.896665
737500.0	0.8994610000000001
742500.0	0.902132
747500.0	0.9047670000000001
752500.0	0.9073770000000001
757500.0	0.9099370000000001
762500.0	0.9123400000000002
767500.0	0.9146610000000002
772500.0	0.9168880000000001
777500.0	0.9190740000000002
782500.0	0.9212320000000002
787500.0	0.9232800000000002
792500.0	0.9253130000000002
797500.0	0.9273270000000001
802500.0	0.9293280000000002
807500.0	0.9312510000000002
812500.0	0.9330560000000001
817500.0	0.9348460000000001
822500.0	0.936552
827500.0	0.9381780000000001
832500.0	0.939772
837500.0	0.941358
842500.0	0.942897
847500.0	0.944402
852500.0	0.945924
857500.0	0.947373
862500.0	0.948777
867500.0	0.950157
872500.0	0.951458
877500.0	0.9527300000000001
882500.0	0.95403
887500.0	0.9552700000000001
892500.0	0.956465
897500.0	0.95759
902500.0	0.9586640000000001
907500.0	0.95974
912500.0	0.960754
917500.0	0.961794
922500.0	0.962831
927500.0	0.963808
932500.0	0.964729
937500.0	0.9656769999999999
942500.0	0.9665819999999999
947500.0	0.9674539999999999
952500.0	0.968255
957500.0	0.969075
962500.0	0.969883
967500.0	0.970686
972500.0	0.9714280000000001
977500.0	0.9722130000000001
982500.0	0.9729720000000001
987500.0	0.9736440000000001
992500.0	0.974319
997500.0	0.9750270000000001
1.0025e6	0.9756630000000001
1.0075e6	0.9762890000000001
1.0125e6	0.9769120000000001
1.0175e6	0.9774920000000001
1.0225e6	0.9781220000000002
1.0275e6	0.9786900000000002
1.0325e6	0.9792260000000002
1.0375e6	0.9797410000000002
1.0425e6	0.9802550000000002
1.0475e6	0.9807970000000003
1.0525e6	0.9812950000000003
1.0575e6	0.9818050000000003
1.0625e6	0.9822740000000003
1.0675e6	0.9827660000000004
1.0725e6	0.9832250000000003
1.0775e6	0.9836120000000004
1.0825e6	0.9840100000000004
1.0875e6	0.9844340000000004
1.0925e6	0.9848120000000004
1.0975e6	0.9852140000000004
1.1025e6	0.9856090000000004
1.1075e6	0.9859860000000004
1.1125e6	0.9863390000000004
1.1175e6	0.9866920000000005
1.1225e6	0.9870370000000005
1.1275e6	0.9873540000000005
1.1325e6	0.9876770000000005
1.1375e6	0.9879910000000005
1.1425e6	0.9882920000000005
1.1475e6	0.9886220000000006
1.1525e6	0.9889240000000006
1.1575e6	0.9892010000000006
1.1625e6	0.9894820000000005
1.1675e6	0.9897310000000006
1.1725e6	0.9899970000000006
1.1775e6	0.9902580000000005
1.1825e6	0.9905390000000005
1.1875e6	0.9907540000000005
1.1925e6	0.9910070000000004
1.1975e6	0.9912580000000004
1.2025e6	0.9914990000000005
1.2075e6	0.9917110000000005
1.2125e6	0.9919300000000004
1.2175e6	0.9921520000000005
1.2225e6	0.9923610000000005
1.2275e6	0.9925390000000005
1.2325e6	0.9927360000000005
1.2375e6	0.9929310000000005
1.2425e6	0.9931160000000004
1.2475e6	0.9932970000000004
1.2525e6	0.9934610000000005
1.2575e6	0.9936190000000005
1.2625e6	0.9937870000000004
1.2675e6	0.9939280000000004
1.2725e6	0.9940830000000004
1.2775e6	0.9942470000000004
1.2825e6	0.9943890000000004
1.2875e6	0.9945430000000004
1.2925e6	0.9946830000000004
1.2975e6	0.9948230000000005
1.3025e6	0.9949610000000004
1.3075e6	0.9950980000000005
1.3125e6	0.9952330000000005
1.3175e6	0.9953520000000005
1.3225e6	0.9954680000000005
1.3275e6	0.9955820000000004
1.3325e6	0.9957090000000004
1.3375e6	0.9958140000000004
1.3425e6	0.9959020000000004
1.3475e6	0.9960090000000004
1.3525e6	0.9961310000000003
1.3575e6	0.9962430000000003
1.3625e6	0.9963310000000003
1.3675e6	0.9964170000000003
1.3725e6	0.9965250000000003
1.3775e6	0.9966130000000003
1.3825e6	0.9967180000000003
1.3875e6	0.9967890000000004
1.3925e6	0.9968730000000003
1.3975e6	0.9969560000000004
1.4025e6	0.9970220000000004
1.4075e6	0.9971080000000004
1.4125e6	0.9971800000000004
1.4175e6	0.9972510000000004
1.4225e6	0.9973340000000005
1.4275e6	0.9974130000000005
1.4325e6	0.9974670000000005
1.4375e6	0.9975500000000006
1.4425e6	0.9976260000000006
1.4475e6	0.9976910000000005
1.4525e6	0.9977490000000006
1.4575e6	0.9978010000000006
1.4625e6	0.9978650000000006
1.4675e6	0.9979170000000006
1.4725e6	0.9979640000000006
1.4775e6	0.9980070000000006
1.4825e6	0.9980530000000006
1.4875e6	0.9981010000000007
1.4925e6	0.9981510000000007
1.4975e6	0.9981890000000007
1.5025e6	0.9982380000000006
1.5075e6	0.9982780000000007
1.5125e6	0.9983100000000007
1.5175e6	0.9983570000000007
1.5225e6	0.9983930000000008
1.5275e6	0.9984290000000008
1.5325e6	0.9984680000000008
1.5375e6	0.9985160000000008
1.5425e6	0.9985530000000008
1.5475e6	0.9985850000000008
1.5525e6	0.9986240000000008
1.5575e6	0.9986580000000008
1.5625e6	0.9986870000000008
1.5675e6	0.9987150000000008
1.5725e6	0.9987490000000008
1.5775e6	0.9987780000000007
1.5825e6	0.9988120000000007
1.5875e6	0.9988380000000007
1.5925e6	0.9988600000000006
1.5975e6	0.9988890000000006
1.6025e6	0.9989170000000006
1.6075e6	0.9989420000000007
1.6125e6	0.9989680000000006
1.6175e6	0.9989910000000006
1.6225e6	0.9990200000000006
1.6275e6	0.9990530000000005
1.6325e6	0.9990910000000005
1.6375e6	0.9991160000000006
1.6425e6	0.9991470000000006
1.6475e6	0.9991680000000006
1.6525e6	0.9991910000000006
1.6575e6	0.9992130000000006
1.6625e6	0.9992370000000006
1.6675e6	0.9992630000000006
1.6725e6	0.9992830000000006
1.6775e6	0.9993020000000006
1.6825e6	0.9993180000000006
1.6875e6	0.9993290000000006
1.6925e6	0.9993390000000005
1.6975e6	0.9993580000000005
1.7025e6	0.9993790000000006
1.7075e6	0.9993890000000005
1.7125e6	0.9994070000000005
1.7175e6	0.9994250000000005
1.7225e6	0.9994400000000004
1.7275e6	0.9994550000000004
1.7325e6	0.9994680000000005
1.7375e6	0.9994790000000005
1.7425e6	0.9994930000000004
1.7475e6	0.9995140000000005
1.7525e6	0.9995210000000004
1.7575e6	0.9995380000000005
1.7625e6	0.9995460000000005
1.7675e6	0.9995670000000005
1.7725e6	0.9995800000000006
1.7775e6	0.9995950000000006
1.7825e6	0.9996090000000005
1.7875e6	0.9996210000000005
1.7925e6	0.9996280000000005
1.7975e6	0.9996350000000005
1.8025e6	0.9996420000000005
1.8075e6	0.9996590000000005
1.8125e6	0.9996670000000005
1.8175e6	0.9996780000000005
1.8225e6	0.9996920000000005
1.8275e6	0.9996970000000005
1.8325e6	0.9997040000000005
1.8375e6	0.9997100000000004
1.8425e6	0.9997180000000004
1.8475e6	0.9997300000000005
1.8525e6	0.9997430000000005
1.8575e6	0.9997550000000005
1.8625e6	0.9997640000000005
1.8675e6	0.9997700000000005
1.8725e6	0.9997760000000004
1.8775e6	0.9997780000000004
1.8825e6	0.9997840000000003
1.8875e6	0.9997900000000003
1.8925e6	0.9997960000000002
1.8975e6	0.9998040000000002
1.9025e6	0.9998110000000002
1.9075e6	0.9998140000000002
1.9125e6	0.9998170000000002
1.9175e6	0.9998230000000001
1.9225e6	0.9998280000000002
1.9275e6	0.9998290000000002
1.9325e6	0.9998330000000002
1.9375e6	0.9998380000000002
1.9425e6	0.9998480000000002
1.9475e6	0.9998520000000002
1.9525e6	0.9998550000000002
1.9575e6	0.9998580000000001
1.9625e6	0.9998640000000001
1.9675e6	0.9998670000000001
1.9725e6	0.9998720000000001
1.9775e6	0.9998770000000001
1.9825e6	0.9998800000000001
1.9875e6	0.9998830000000001
1.9925e6	0.9998840000000001
1.9975e6	0.9998910000000001
2.0025e6	0.999893
2.0075e6	0.999896
2.0125e6	0.999897
2.0175e6	0.9999
2.0225e6	0.999903
2.0275e6	0.9999049999999999
2.0325e6	0.9999089999999999
2.0375e6	0.9999109999999999
2.0425e6	0.9999119999999999
2.0475e6	0.9999129999999999
2.0525e6	0.9999149999999999
2.0575e6	0.9999159999999999
2.0625e6	0.9999189999999999
2.0675e6	0.9999189999999999
2.0725e6	0.9999199999999999
2.0775e6	0.999921
2.0825e6	0.9999239999999999
2.0875e6	0.9999279999999999
2.0925e6	0.999933
2.0975e6	0.9999359999999999
2.1025e6	0.999937
2.1075e6	0.999938
2.1125e6	0.999939
2.1175e6	0.999944
2.1225e6	0.999944
2.1275e6	0.9999480000000001
2.1325e6	0.9999490000000001
2.1375e6	0.9999490000000001
2.1425e6	0.9999490000000001
2.1475e6	0.9999520000000001
2.1525e6	0.9999530000000001
2.1575e6	0.9999530000000001
2.1625e6	0.9999540000000001
2.1675e6	0.9999560000000001
2.1725e6	0.999958
2.1775e6	0.999958
2.1825e6	0.999958
2.1875e6	0.999962
2.1925e6	0.999964
2.1975e6	0.9999659999999999
2.2025e6	0.9999669999999999
2.2075e6	0.9999689999999999
2.2125e6	0.9999689999999999
2.2175e6	0.9999689999999999
2.2225e6	0.9999689999999999
2.2275e6	0.9999689999999999
2.2325e6	0.9999739999999999
2.2375e6	0.9999759999999999
2.2425e6	0.9999769999999999
2.2475e6	0.9999769999999999
2.2525e6	0.9999769999999999
2.2575e6	0.9999769999999999
2.2625e6	0.9999779999999999
2.2675e6	0.999979
2.2725e6	0.99998
2.2775e6	0.99998
2.2825e6	0.99998
2.2875e6	0.99998
2.2925e6	0.999981
2.2975e6	0.999981
2.3025e6	0.999982
2.3075e6	0.9999830000000001
2.3125e6	0.9999840000000001
2.3175e6	0.9999850000000001
2.3225e6	0.9999850000000001
2.3275e6	0.9999860000000002
2.3325e6	0.9999880000000001
2.3375e6	0.9999880000000001
2.3425e6	0.9999890000000001
2.3475e6	0.9999890000000001
2.3525e6	0.9999890000000001
2.3575e6	0.9999890000000001
2.3625e6	0.9999890000000001
2.3675e6	0.9999900000000002
2.3725e6	0.9999900000000002
2.3775e6	0.9999910000000002
2.3825e6	0.9999910000000002
2.3875e6	0.9999920000000002
2.3925e6	0.9999920000000002
2.3975e6	0.9999930000000002
2.4025e6	0.9999930000000002
2.4075e6	0.9999940000000003
2.4125e6	0.9999940000000003
2.4175e6	0.9999940000000003
2.4225e6	0.9999940000000003
2.4275e6	0.9999940000000003
2.4325e6	0.9999950000000003
2.4375e6	0.9999950000000003
2.4425e6	0.9999950000000003
2.4475e6	0.9999950000000003
2.4525e6	0.9999950000000003
2.4575e6	0.9999960000000003
2.4625e6	0.9999960000000003
2.4675e6	0.9999980000000003
2.4725e6	0.9999980000000003
2.4775e6	0.9999980000000003
2.4825e6	0.9999980000000003
2.4875e6	0.9999980000000003
2.4925e6	0.9999980000000003
2.4975e6	0.9999980000000003
2.5025e6	0.9999980000000003
2.5075e6	0.9999980000000003
2.5125e6	0.9999980000000003
2.5175e6	0.9999980000000003
2.5225e6	0.9999980000000003
2.5275e6	0.9999980000000003
2.5325e6	0.9999980000000003
2.5375e6	0.9999980000000003
2.5425e6	0.9999980000000003
2.5475e6	0.9999980000000003
2.5525e6	0.9999980000000003
2.5575e6	0.9999980000000003
2.5625e6	0.9999980000000003
2.5675e6	0.9999980000000003
2.5725e6	0.9999980000000003
2.5775e6	0.9999980000000003
2.5825e6	0.9999990000000003
2.5875e6	0.9999990000000003
2.5925e6	0.9999990000000003
2.5975e6	0.9999990000000003
2.6025e6	0.9999990000000003
2.6075e6	0.9999990000000003
2.6125e6	1.0000000000000002
