x	y
-2.565e6	1.0e-7
-2.555e6	1.0e-7
-2.545e6	1.0e-7
-2.535e6	1.0e-7
-2.525e6	1.0e-7
-2.515e6	1.0e-7
-2.505e6	1.0e-7
-2.495e6	1.0e-7
-2.485e6	1.0e-7
-2.475e6	1.0e-7
-2.465e6	1.0e-7
-2.455e6	1.0e-7
-2.445e6	1.0e-7
-2.435e6	1.0e-7
-2.425e6	1.0e-7
-2.415e6	1.0e-7
-2.405e6	1.0e-7
-2.395e6	1.0e-7
-2.385e6	1.0e-7
-2.375e6	1.0e-7
-2.365e6	1.0e-7
-2.355e6	1.0e-7
-2.345e6	1.0e-7
-2.335e6	2.0e-7
-2.325e6	2.0e-7
-2.315e6	2.0e-7
-2.305e6	2.0e-7
-2.295e6	2.0e-7
-2.285e6	2.0e-7
-2.275e6	3.0e-7
-2.265e6	3.0e-7
-2.255e6	3.0e-7
-2.245e6	3.0e-7
-2.235e6	4.0e-7
-2.225e6	4.0e-7
-2.215e6	4.0e-7
-2.205e6	4.0e-7
-2.195e6	4.0e-7
-2.185e6	4.0e-7
-2.175e6	5.0e-7
-2.165e6	5.0e-7
-2.155e6	5.0e-7
-2.145e6	6.0e-7
-2.135e6	6.0e-7
-2.125e6	8.0e-7
-2.115e6	9.0e-7
-2.105e6	9.0e-7
-2.095e6	9.0e-7
-2.085e6	9.0e-7
-2.075e6	9.0e-7
-2.065e6	1.1e-6
-2.055e6	1.1e-6
-2.045e6	1.1e-6
-2.035e6	1.1e-6
-2.025e6	1.1e-6
-2.015e6	1.3e-6
-2.005e6	1.4000000000000001e-6
-1.995e6	1.5e-6
-1.985e6	1.5e-6
-1.975e6	1.5e-6
-1.965e6	1.6e-6
-1.955e6	1.8e-6
-1.945e6	1.9e-6
-1.935e6	2.3e-6
-1.925e6	2.4e-6
-1.915e6	2.4e-6
-1.905e6	2.5999999999999997e-6
-1.895e6	2.6999999999999996e-6
-1.885e6	2.9999999999999997e-6
-1.875e6	3.0999999999999995e-6
-1.865e6	3.3999999999999996e-6
-1.855e6	3.7999999999999996e-6
-1.845e6	3.9e-6
-1.835e6	4.1e-6
-1.825e6	4.399999999999999e-6
-1.815e6	4.8e-6
-1.805e6	4.9999999999999996e-6
-1.795e6	5.0999999999999995e-6
-1.785e6	5.6e-6
-1.775e6	6.0e-6
-1.765e6	6.4e-6
-1.755e6	6.699999999999999e-6
-1.745e6	6.699999999999999e-6
-1.735e6	7.3999999999999995e-6
-1.725e6	7.899999999999999e-6
-1.715e6	8.299999999999998e-6
-1.705e6	8.699999999999998e-6
-1.695e6	9.199999999999998e-6
-1.685e6	9.599999999999998e-6
-1.675e6	1.0099999999999998e-5
-1.665e6	1.0999999999999998e-5
-1.655e6	1.1699999999999998e-5
-1.645e6	1.2199999999999998e-5
-1.635e6	1.2999999999999998e-5
-1.625e6	1.4099999999999997e-5
-1.615e6	1.4899999999999996e-5
-1.605e6	1.6099999999999995e-5
-1.595e6	1.6899999999999994e-5
-1.585e6	1.7699999999999993e-5
-1.575e6	1.8699999999999994e-5
-1.565e6	1.9799999999999993e-5
-1.555e6	2.1499999999999994e-5
-1.545e6	2.2899999999999994e-5
-1.535e6	2.4399999999999993e-5
-1.525e6	2.5599999999999992e-5
-1.515e6	2.6999999999999992e-5
-1.505e6	2.8399999999999992e-5
-1.495e6	3.0099999999999993e-5
-1.485e6	3.279999999999999e-5
-1.475e6	3.469999999999999e-5
-1.465e6	3.639999999999999e-5
-1.455e6	3.889999999999999e-5
-1.445e6	4.179999999999999e-5
-1.435e6	4.3599999999999996e-5
-1.425e6	4.569999999999999e-5
-1.415e6	4.899999999999999e-5
-1.405e6	5.179999999999999e-5
-1.395e6	5.389999999999999e-5
-1.385e6	5.719999999999999e-5
-1.375e6	6.199999999999999e-5
-1.365e6	6.519999999999999e-5
-1.355e6	6.939999999999998e-5
-1.345e6	7.259999999999998e-5
-1.335e6	7.629999999999997e-5
-1.325e6	8.169999999999997e-5
-1.315e6	8.639999999999997e-5
-1.305e6	9.179999999999997e-5
-1.295e6	9.679999999999997e-5
-1.285e6	0.00010329999999999996
-1.275e6	0.00010899999999999997
-1.265e6	0.00011539999999999996
-1.255e6	0.00012359999999999997
-1.245e6	0.00013099999999999996
-1.235e6	0.00013949999999999995
-1.225e6	0.00014719999999999995
-1.215e6	0.00015519999999999995
-1.205e6	0.00016239999999999996
-1.195e6	0.00017459999999999996
-1.185e6	0.00018429999999999995
-1.175e6	0.00019369999999999996
-1.165e6	0.00020389999999999997
-1.155e6	0.00021609999999999997
-1.145e6	0.00022759999999999998
-1.135e6	0.00024239999999999998
-1.125e6	0.00025909999999999996
-1.115e6	0.00027429999999999995
-1.105e6	0.00028879999999999997
-1.095e6	0.00030429999999999997
-1.085e6	0.00032139999999999995
-1.075e6	0.00034049999999999993
-1.065e6	0.0003623999999999999
-1.055e6	0.0003839999999999999
-1.045e6	0.0004071999999999999
-1.035e6	0.00043059999999999995
-1.025e6	0.00045579999999999997
-1.015e6	0.00048279999999999997
-1.005e6	0.0005112
-995000.0	0.0005403
-985000.0	0.0005706
-975000.0	0.0006058
-965000.0	0.0006395
-955000.0	0.0006768
-945000.0	0.0007157999999999999
-935000.0	0.0007618999999999999
-925000.0	0.0008117999999999999
-915000.0	0.0008622999999999999
-905000.0	0.0009160999999999999
-895000.0	0.0009674999999999998
-885000.0	0.0010245999999999999
-875000.0	0.0010875
-865000.0	0.0011500999999999998
-855000.0	0.0012200999999999998
-845000.0	0.0012892999999999997
-835000.0	0.0013673999999999997
-825000.0	0.0014492999999999997
-815000.0	0.0015347999999999998
-805000.0	0.0016214999999999997
-795000.0	0.0017244999999999997
-785000.0	0.0018294999999999997
-775000.0	0.0019374999999999998
-765000.0	0.0020534999999999998
-755000.0	0.0021731
-745000.0	0.0023068999999999997
-735000.0	0.0024433999999999997
-725000.0	0.0025913999999999998
-715000.0	0.0027464
-705000.0	0.0029072
-695000.0	0.0030759
-685000.0	0.0032599
-675000.0	0.003451
-665000.0	0.0036534000000000002
-655000.0	0.0038580000000000003
-645000.0	0.004083000000000001
-635000.0	0.0043204
-625000.0	0.0045694
-615000.0	0.0048307
-605000.0	0.0051161
-595000.0	0.0054158
-585000.0	0.0057296000000000005
-575000.0	0.006061500000000001
-565000.0	0.006408400000000001
-555000.0	0.006772000000000001
-545000.0	0.007164600000000001
-535000.0	0.007585400000000001
-525000.0	0.008028500000000001
-515000.0	0.008499900000000001
-505000.0	0.008985400000000001
-495000.0	0.009497900000000002
-485000.0	0.010038100000000001
-475000.0	0.010614700000000001
-465000.0	0.011209600000000002
-455000.0	0.011843700000000002
-445000.0	0.012519600000000002
-435000.0	0.013231300000000001
-425000.0	0.0139903
-415000.0	0.014798
-405000.0	0.0156303
-395000.0	0.0164994
-385000.0	0.0174326
-375000.0	0.018413099999999998
-365000.0	0.019459499999999998
-355000.0	0.0205616
-345000.0	0.0217167
-335000.0	0.022934299999999998
-325000.0	0.024196199999999998
-315000.0	0.0255444
-305000.0	0.026981099999999997
-295000.0	0.028461699999999996
-285000.0	0.030039699999999996
-275000.0	0.031686099999999995
-265000.0	0.0334231
-255000.0	0.035254299999999995
-245000.0	0.0371983
-235000.0	0.03924879999999999
-225000.0	0.041399399999999996
-215000.0	0.043677499999999994
-205000.0	0.046046
-195000.0	0.048520999999999995
-185000.0	0.051122299999999996
-175000.0	0.053903299999999994
-165000.0	0.05680109999999999
-155000.0	0.05978309999999999
-145000.0	0.06297879999999999
-135000.0	0.0663346
-125000.0	0.0698679
-115000.0	0.07355289999999999
-105000.0	0.077453
-95000.0	0.0815234
-85000.0	0.0857708
-75000.0	0.09025799999999999
-65000.0	0.09497689999999999
-55000.0	0.09990619999999999
-45000.0	0.10508259999999998
-35000.0	0.11048319999999999
-25000.0	0.11611239999999999
-15000.0	0.12203199999999999
-5000.0	0.1281659
5000.0	0.134564
15000.0	0.14122969999999999
25000.0	0.1482134
35000.0	0.15551589999999998
45000.0	0.16308229999999999
55000.0	0.1709259
65000.0	0.1790949
75000.0	0.1875334
85000.0	0.1962304
95000.0	0.2052786
105000.0	0.2145744
115000.0	0.2241553
125000.0	0.2340355
135000.0	0.2441873
145000.0	0.2546518
155000.0	0.26530929999999997
165000.0	0.2762829
175000.0	0.287349
185000.0	0.29868310000000003
195000.0	0.31016790000000005
205000.0	0.32193140000000003
215000.0	0.33378440000000004
225000.0	0.34580390000000005
235000.0	0.35794290000000006
245000.0	0.3701828000000001
255000.0	0.3824840000000001
265000.0	0.3948338000000001
275000.0	0.40725890000000015
285000.0	0.41974000000000017
295000.0	0.4322515000000002
305000.0	0.4446142000000002
315000.0	0.45697990000000016
325000.0	0.46930200000000016
335000.0	0.48161230000000016
345000.0	0.49377920000000014
355000.0	0.5059095000000001
365000.0	0.5179216000000001
375000.0	0.5298019
385000.0	0.5415505
395000.0	0.5531864000000001
405000.0	0.5646535
415000.0	0.5760216
425000.0	0.5871606
435000.0	0.5981608
445000.0	0.6089751000000001
455000.0	0.6196068000000001
465000.0	0.6300826000000002
475000.0	0.6403256000000002
485000.0	0.6503650000000002
495000.0	0.6601749000000002
505000.0	0.6697596000000002
515000.0	0.6792759000000003
525000.0	0.6884803000000003
535000.0	0.6975543000000003
545000.0	0.7064328000000003
555000.0	0.7150677000000003
565000.0	0.7235438000000003
575000.0	0.7317990000000003
585000.0	0.7398282000000003
595000.0	0.7476985000000003
605000.0	0.7553689000000002
615000.0	0.7628079000000002
625000.0	0.7700696000000002
635000.0	0.7771302000000002
645000.0	0.7840173000000003
655000.0	0.7907174000000002
665000.0	0.7972575000000003
675000.0	0.8035966000000003
685000.0	0.8097609000000003
695000.0	0.8157713000000003
705000.0	0.8216274000000003
715000.0	0.8273360000000003
725000.0	0.8328524000000003
735000.0	0.8382015000000003
745000.0	0.8434051000000002
755000.0	0.8484288000000002
765000.0	0.8533164000000002
775000.0	0.8581030000000002
785000.0	0.8627166000000002
795000.0	0.8672020000000001
805000.0	0.8715688000000001
815000.0	0.8757924000000001
825000.0	0.8798909000000001
835000.0	0.8839039000000002
845000.0	0.8877555000000001
855000.0	0.8915282000000001
865000.0	0.8951614000000001
875000.0	0.8987034000000002
885000.0	0.9021182000000002
895000.0	0.9054267000000003
905000.0	0.9086837000000002
915000.0	0.9117832000000002
925000.0	0.9148362000000002
935000.0	0.9177520000000002
945000.0	0.9205945000000002
955000.0	0.9233161000000002
965000.0	0.9259578000000002
975000.0	0.9284958000000002
985000.0	0.9309685000000002
995000.0	0.9333434000000002
1.005e6	0.9356671000000002
1.015e6	0.9379116000000002
1.025e6	0.9400748000000002
1.035e6	0.9421787000000003
1.045e6	0.9441932000000003
1.055e6	0.9461533000000003
1.065e6	0.9480589000000003
1.075e6	0.9499115000000002
1.085e6	0.9517231000000003
1.095e6	0.9534192000000002
1.105e6	0.9550705000000003
1.115e6	0.9566834000000003
1.125e6	0.9582375000000003
1.135e6	0.9597350000000003
1.145e6	0.9611770000000004
1.155e6	0.9625919000000004
1.165e6	0.9639459000000004
1.175e6	0.9652599000000004
1.185e6	0.9665200000000004
1.195e6	0.9677552000000004
1.205e6	0.9689217000000003
1.215e6	0.9700530000000003
1.225e6	0.9711371000000003
1.235e6	0.9722029000000003
1.245e6	0.9732328000000003
1.255e6	0.9742119000000004
1.265e6	0.9751694000000003
1.275e6	0.9760844000000003
1.285e6	0.9769590000000002
1.295e6	0.9777805000000003
1.305e6	0.9786106000000002
1.315e6	0.9794078000000003
1.325e6	0.9801885000000002
1.335e6	0.9809198000000002
1.345e6	0.9816494000000002
1.355e6	0.9823311000000002
1.365e6	0.9830026000000003
1.375e6	0.9836469000000003
1.385e6	0.9842504000000003
1.395e6	0.9848547000000003
1.405e6	0.9854315000000003
1.415e6	0.9859775000000004
1.425e6	0.9864972000000004
1.435e6	0.9870036000000004
1.445e6	0.9874890000000004
1.455e6	0.9879587000000004
1.465e6	0.9884082000000004
1.475e6	0.9888466000000004
1.485e6	0.9892647000000003
1.495e6	0.9896762000000003
1.505e6	0.9900626000000003
1.515e6	0.9904382000000004
1.525e6	0.9908031000000004
1.535e6	0.9911595000000004
1.545e6	0.9914932000000004
1.555e6	0.9918171000000005
1.565e6	0.9921373000000004
1.575e6	0.9924483000000004
1.585e6	0.9927373000000004
1.595e6	0.9930196000000003
1.605e6	0.9932977000000003
1.615e6	0.9935578000000003
1.625e6	0.9938012000000003
1.635e6	0.9940475000000003
1.645e6	0.9942702000000003
1.655e6	0.9944861000000004
1.665e6	0.9947000000000004
1.675e6	0.9949009000000003
1.685e6	0.9950965000000003
1.695e6	0.9952909000000003
1.705e6	0.9954765000000003
1.715e6	0.9956544000000003
1.725e6	0.9958301000000003
1.735e6	0.9959889000000003
1.745e6	0.9961482000000003
1.755e6	0.9962993000000002
1.765e6	0.9964476000000002
1.775e6	0.9965836000000002
1.785e6	0.9967213000000003
1.795e6	0.9968515000000002
1.805e6	0.9969794000000002
1.815e6	0.9971019000000002
1.825e6	0.9972165000000002
1.835e6	0.9973227000000001
1.845e6	0.9974243000000002
1.855e6	0.9975255000000002
1.865e6	0.9976248000000002
1.875e6	0.9977188000000002
1.885e6	0.9978077000000002
1.895e6	0.9978957000000002
1.905e6	0.9979831000000001
1.915e6	0.9980623000000001
1.925e6	0.9981408
1.935e6	0.9982165000000001
1.945e6	0.9982887
1.955e6	0.998361
1.965e6	0.9984230000000001
1.975e6	0.9984867000000001
1.985e6	0.9985459000000001
1.995e6	0.9986076000000002
2.005e6	0.9986659000000001
2.015e6	0.9987158000000002
2.025e6	0.9987688000000001
2.035e6	0.9988188000000001
2.045e6	0.9988685000000002
2.055e6	0.9989132000000002
2.065e6	0.9989549000000002
2.075e6	0.9989999000000002
2.085e6	0.9990376000000002
2.095e6	0.9990776000000002
2.105e6	0.9991144000000002
2.115e6	0.9991506000000002
2.125e6	0.9991863000000002
2.135e6	0.9992185000000002
2.145e6	0.9992490000000003
2.155e6	0.9992784000000002
2.165e6	0.9993102000000003
2.175e6	0.9993383000000002
2.185e6	0.9993667000000003
2.195e6	0.9993920000000003
2.205e6	0.9994169000000003
2.215e6	0.9994413000000003
2.225e6	0.9994631000000003
2.235e6	0.9994863000000003
2.245e6	0.9995065000000003
2.255e6	0.9995299000000003
2.265e6	0.9995484000000003
2.275e6	0.9995679000000003
2.285e6	0.9995841000000003
2.295e6	0.9995987000000003
2.305e6	0.9996164000000003
2.315e6	0.9996309000000003
2.325e6	0.9996474000000003
2.335e6	0.9996605000000003
2.345e6	0.9996733000000003
2.355e6	0.9996880000000004
2.365e6	0.9997018000000003
2.375e6	0.9997152000000004
2.385e6	0.9997276000000004
2.395e6	0.9997399000000003
2.405e6	0.9997491000000004
2.415e6	0.9997580000000004
2.425e6	0.9997692000000004
2.435e6	0.9997801000000004
2.445e6	0.9997893000000004
2.455e6	0.9997973000000004
2.465e6	0.9998070000000004
2.475e6	0.9998146000000004
2.485e6	0.9998216000000004
2.495e6	0.9998289000000005
2.505e6	0.9998360000000005
2.515e6	0.9998442000000005
2.525e6	0.9998502000000005
2.535e6	0.9998558000000005
2.545e6	0.9998625000000005
2.555e6	0.9998678000000005
2.565e6	0.9998734000000006
2.575e6	0.9998803000000006
2.585e6	0.9998856000000006
2.595e6	0.9998905000000006
2.605e6	0.9998946000000005
2.615e6	0.9998996000000006
2.625e6	0.9999043000000005
2.635e6	0.9999094000000005
2.645e6	0.9999129000000005
2.655e6	0.9999167000000005
2.665e6	0.9999203000000005
2.675e6	0.9999239000000005
2.685e6	0.9999277000000005
2.695e6	0.9999309000000005
2.705e6	0.9999331000000005
2.715e6	0.9999362000000005
2.725e6	0.9999390000000005
2.735e6	0.9999425000000005
2.745e6	0.9999451000000005
2.755e6	0.9999477000000004
2.765e6	0.9999499000000004
2.775e6	0.9999525000000004
2.785e6	0.9999539000000004
2.795e6	0.9999559000000003
2.805e6	0.9999573000000004
2.815e6	0.9999583000000004
2.825e6	0.9999607000000004
2.835e6	0.9999624000000004
2.845e6	0.9999645000000004
2.855e6	0.9999660000000004
2.865e6	0.9999671000000003
2.875e6	0.9999687000000004
2.885e6	0.9999703000000004
2.895e6	0.9999716000000004
2.905e6	0.9999728000000004
2.915e6	0.9999736000000005
2.925e6	0.9999743000000004
2.935e6	0.9999755000000005
2.945e6	0.9999767000000005
2.955e6	0.9999781000000005
2.965e6	0.9999795000000006
2.975e6	0.9999806000000006
2.985e6	0.9999810000000006
2.995e6	0.9999816000000006
3.005e6	0.9999822000000006
3.015e6	0.9999834000000006
3.025e6	0.9999843000000006
3.035e6	0.9999848000000006
3.045e6	0.9999856000000006
3.055e6	0.9999861000000005
3.065e6	0.9999866000000005
3.075e6	0.9999872000000005
3.085e6	0.9999875000000005
3.095e6	0.9999884000000004
3.105e6	0.9999888000000005
3.115e6	0.9999894000000005
3.125e6	0.9999897000000004
3.135e6	0.9999902000000004
3.145e6	0.9999906000000004
3.155e6	0.9999909000000003
3.165e6	0.9999913000000004
3.175e6	0.9999915000000004
3.185e6	0.9999916000000003
3.195e6	0.9999916000000003
3.205e6	0.9999918000000003
3.215e6	0.9999922000000003
3.225e6	0.9999924000000003
3.235e6	0.9999927000000003
3.245e6	0.9999929000000003
3.255e6	0.9999931000000003
3.265e6	0.9999932000000002
3.275e6	0.9999935000000002
3.285e6	0.9999940000000002
3.295e6	0.9999941000000001
3.305e6	0.9999945000000001
3.315e6	0.9999949000000001
3.325e6	0.9999954000000001
3.335e6	0.9999954000000001
3.345e6	0.9999955
3.355e6	0.9999956
3.365e6	0.9999956999999999
3.375e6	0.9999956999999999
3.385e6	0.9999958999999999
3.395e6	0.9999959999999999
3.405e6	0.9999961999999999
3.415e6	0.9999962999999998
3.425e6	0.9999963999999998
3.435e6	0.9999964999999997
3.445e6	0.9999966999999997
3.455e6	0.9999967999999997
3.465e6	0.9999968999999996
3.475e6	0.9999969999999996
3.485e6	0.9999970999999995
3.495e6	0.9999971999999995
3.505e6	0.9999972999999994
3.515e6	0.9999975999999994
3.525e6	0.9999975999999994
3.535e6	0.9999976999999993
3.545e6	0.9999977999999993
3.555e6	0.9999977999999993
3.565e6	0.9999978999999992
3.575e6	0.9999979999999992
3.585e6	0.9999979999999992
3.595e6	0.9999980999999991
3.605e6	0.9999980999999991
3.615e6	0.9999980999999991
3.625e6	0.9999981999999991
3.635e6	0.999998299999999
3.645e6	0.999998499999999
3.655e6	0.999998599999999
3.665e6	0.999998599999999
3.675e6	0.9999986999999989
3.685e6	0.9999987999999989
3.695e6	0.9999988999999988
3.705e6	0.9999988999999988
3.715e6	0.9999989999999987
3.725e6	0.9999989999999987
3.735e6	0.9999990999999987
3.745e6	0.9999990999999987
3.755e6	0.9999991999999986
3.765e6	0.9999992999999986
3.775e6	0.9999993999999985
3.785e6	0.9999994999999985
3.795e6	0.9999994999999985
3.805e6	0.9999994999999985
3.815e6	0.9999994999999985
3.825e6	0.9999995999999984
3.835e6	0.9999995999999984
3.845e6	0.9999996999999984
3.855e6	0.9999996999999984
3.865e6	0.9999996999999984
3.875e6	0.9999996999999984
3.885e6	0.9999996999999984
3.895e6	0.9999996999999984
3.905e6	0.9999996999999984
3.915e6	0.9999997999999983
3.925e6	0.9999997999999983
3.935e6	0.9999998999999983
3.945e6	0.9999998999999983
3.955e6	0.9999998999999983
3.965e6	0.9999998999999983
3.975e6	0.9999999999999982
