x	y
1.2725e7	1.0e-6
1.2775e7	1.0e-6
1.2825e7	1.0e-6
1.2875e7	1.0e-6
1.2925e7	1.0e-6
1.2975e7	1.0e-6
1.3025e7	1.0e-6
1.3075e7	1.0e-6
1.3125e7	1.0e-6
1.3175e7	1.0e-6
1.3225e7	1.0e-6
1.3275e7	1.0e-6
1.3325e7	1.0e-6
1.3375e7	1.0e-6
1.3425e7	1.0e-6
1.3475e7	1.0e-6
1.3525e7	1.0e-6
1.3575e7	1.0e-6
1.3625e7	1.0e-6
1.3675e7	1.0e-6
1.3725e7	1.0e-6
1.3775e7	1.0e-6
1.3825e7	1.0e-6
1.3875e7	1.0e-6
1.3925e7	1.0e-6
1.3975e7	1.0e-6
1.4025e7	1.0e-6
1.4075e7	1.0e-6
1.4125e7	1.0e-6
1.4175e7	1.0e-6
1.4225e7	1.0e-6
1.4275e7	1.0e-6
1.4325e7	1.0e-6
1.4375e7	1.0e-6
1.4425e7	2.0e-6
1.4475e7	2.0e-6
1.4525e7	2.0e-6
1.4575e7	2.0e-6
1.4625e7	3.0e-6
1.4675e7	3.0e-6
1.4725e7	4.0e-6
1.4775e7	4.0e-6
1.4825e7	4.9999999999999996e-6
1.4875e7	5.999999999999999e-6
1.4925e7	5.999999999999999e-6
1.4975e7	6.999999999999999e-6
1.5025e7	8.999999999999999e-6
1.5075e7	9.999999999999999e-6
1.5125e7	1.1e-5
1.5175e7	1.1e-5
1.5225e7	1.1e-5
1.5275e7	1.1e-5
1.5325e7	1.4e-5
1.5375e7	1.5e-5
1.5425e7	1.6e-5
1.5475e7	1.9e-5
1.5525e7	1.9e-5
1.5575e7	2.1000000000000002e-5
1.5625e7	2.1000000000000002e-5
1.5675e7	2.3000000000000003e-5
1.5725e7	2.6000000000000002e-5
1.5775e7	2.8000000000000003e-5
1.5825e7	3.0000000000000004e-5
1.5875e7	3.2000000000000005e-5
1.5925e7	3.2000000000000005e-5
1.5975e7	3.5000000000000004e-5
1.6025e7	3.7000000000000005e-5
1.6075e7	4.2000000000000004e-5
1.6125e7	4.8e-5
1.6175e7	5.2000000000000004e-5
1.6225e7	5.6000000000000006e-5
1.6275e7	6.6e-5
1.6325e7	6.900000000000001e-5
1.6375e7	7.400000000000001e-5
1.6425e7	7.700000000000001e-5
1.6475e7	8.400000000000001e-5
1.6525e7	8.700000000000001e-5
1.6575e7	9.300000000000001e-5
1.6625e7	0.00010200000000000001
1.6675e7	0.00011100000000000001
1.6725e7	0.000125
1.6775e7	0.000137
1.6825e7	0.000148
1.6875e7	0.000158
1.6925e7	0.000172
1.6975e7	0.000191
1.7025e7	0.000199
1.7075e7	0.00021300000000000003
1.7125e7	0.00023000000000000003
1.7175e7	0.00025000000000000006
1.7225e7	0.0002710000000000001
1.7275e7	0.00029700000000000006
1.7325e7	0.0003200000000000001
1.7375e7	0.0003450000000000001
1.7425e7	0.0003780000000000001
1.7475e7	0.0004080000000000001
1.7525e7	0.00043800000000000013
1.7575e7	0.0004710000000000001
1.7625e7	0.0005040000000000001
1.7675e7	0.0005350000000000001
1.7725e7	0.0005770000000000001
1.7775e7	0.0006340000000000001
1.7825e7	0.0006740000000000001
1.7875e7	0.0007330000000000001
1.7925e7	0.0007750000000000002
1.7975e7	0.0008210000000000002
1.8025e7	0.0008770000000000002
1.8075e7	0.0009300000000000002
1.8125e7	0.000994
1.8175e7	0.0010580000000000001
1.8225e7	0.0011350000000000002
1.8275e7	0.0012050000000000001
1.8325e7	0.0013130000000000001
1.8375e7	0.0014030000000000002
1.8425e7	0.0015000000000000002
1.8475e7	0.0016050000000000003
1.8525e7	0.0017080000000000003
1.8575e7	0.0018170000000000003
1.8625e7	0.0019220000000000003
1.8675e7	0.0020540000000000003
1.8725e7	0.0021960000000000005
1.8775e7	0.0023480000000000003
1.8825e7	0.0025050000000000003
1.8875e7	0.0026600000000000005
1.8925e7	0.0028350000000000003
1.8975e7	0.00303
1.9025e7	0.003223
1.9075e7	0.0034400000000000003
1.9125e7	0.0036630000000000005
1.9175e7	0.0038990000000000006
1.9225e7	0.004123000000000001
1.9275e7	0.004371000000000001
1.9325e7	0.004669
1.9375e7	0.004979000000000001
1.9425e7	0.005283
1.9475e7	0.0055910000000000005
1.9525e7	0.005932000000000001
1.9575e7	0.006281000000000001
1.9625e7	0.006615000000000001
1.9675e7	0.006994000000000001
1.9725e7	0.007414000000000001
1.9775e7	0.007825000000000002
1.9825e7	0.008280000000000003
1.9875e7	0.008783000000000003
1.9925e7	0.009271000000000003
1.9975e7	0.009791000000000003
2.0025e7	0.010349000000000002
2.0075e7	0.010926000000000002
2.0125e7	0.011493000000000001
2.0175e7	0.012162000000000001
2.0225e7	0.012796000000000002
2.0275e7	0.013513000000000002
2.0325e7	0.014207000000000003
2.0375e7	0.014959000000000004
2.0425e7	0.015798000000000003
2.0475e7	0.016607000000000004
2.0525e7	0.017440000000000004
2.0575e7	0.018328000000000004
2.0625e7	0.019243000000000003
2.0675e7	0.020304000000000003
2.0725e7	0.021310000000000003
2.0775e7	0.022377
2.0825e7	0.023486
2.0875e7	0.024652
2.0925e7	0.025814
2.0975e7	0.027018
2.1025e7	0.028283
2.1075e7	0.029604
2.1125e7	0.031035999999999998
2.1175e7	0.032501999999999996
2.1225e7	0.033907999999999994
2.1275e7	0.03550299999999999
2.1325e7	0.037072999999999995
2.1375e7	0.038838
2.1425e7	0.040575
2.1475e7	0.042457
2.1525e7	0.044366
2.1575e7	0.04628
2.1625e7	0.048204000000000004
2.1675e7	0.050314000000000005
2.1725e7	0.052388000000000004
2.1775e7	0.054608000000000004
2.1825e7	0.056928000000000006
2.1875e7	0.059285000000000004
2.1925e7	0.06186900000000001
2.1975e7	0.06438600000000001
2.2025e7	0.066975
2.2075e7	0.069666
2.2125e7	0.07234700000000001
2.2175e7	0.075216
2.2225e7	0.078213
2.2275e7	0.08118900000000001
2.2325e7	0.08421300000000001
2.2375e7	0.08736200000000001
2.2425e7	0.09051500000000001
2.2475e7	0.09383800000000002
2.2525e7	0.09715100000000002
2.2575e7	0.10062900000000001
2.2625e7	0.10430800000000001
2.2675e7	0.10793900000000001
2.2725e7	0.11165900000000001
2.2775e7	0.11556400000000001
2.2825e7	0.11952200000000002
2.2875e7	0.12342700000000002
2.2925e7	0.12744900000000003
2.2975e7	0.13174500000000003
2.3025e7	0.13622000000000004
2.3075e7	0.14057700000000004
2.3125e7	0.14518800000000004
2.3175e7	0.14979100000000004
2.3225e7	0.15455700000000003
2.3275e7	0.15945900000000002
2.3325e7	0.16440900000000003
2.3375e7	0.16941100000000003
2.3425e7	0.17465300000000003
2.3475e7	0.17980200000000002
2.3525e7	0.185064
2.3575e7	0.190508
2.3625e7	0.196002
2.3675e7	0.20169700000000002
2.3725e7	0.20745400000000003
2.3775e7	0.21314900000000003
2.3825e7	0.21898700000000004
2.3875e7	0.22505400000000003
2.3925e7	0.23117700000000002
2.3975e7	0.23742200000000002
2.4025e7	0.24371400000000001
2.4075e7	0.249919
2.4125e7	0.256353
2.4175e7	0.262783
2.4225e7	0.269428
2.4275e7	0.276101
2.4325e7	0.282895
2.4375e7	0.28949
2.4425e7	0.296462
2.4475e7	0.30353
2.4525e7	0.310489
2.4575e7	0.317531
2.4625e7	0.32467
2.4675e7	0.33191200000000004
2.4725e7	0.33928200000000003
2.4775e7	0.34661000000000003
2.4825e7	0.35385000000000005
2.4875e7	0.36135600000000007
2.4925e7	0.36913200000000007
2.4975e7	0.3766280000000001
2.5025e7	0.3842420000000001
2.5075e7	0.3919770000000001
2.5125e7	0.3996700000000001
2.5175e7	0.4074580000000001
2.5225e7	0.4153660000000001
2.5275e7	0.42311300000000013
2.5325e7	0.4308980000000001
2.5375e7	0.4386620000000001
2.5425e7	0.4466340000000001
2.5475e7	0.4545470000000001
2.5525e7	0.4623810000000001
2.5575e7	0.4702940000000001
2.5625e7	0.4781840000000001
2.5675e7	0.4862060000000001
2.5725e7	0.49418000000000006
2.5775e7	0.5021490000000001
2.5825e7	0.5100990000000001
2.5875e7	0.5179680000000001
2.5925e7	0.5261840000000001
2.5975e7	0.5341170000000001
2.6025e7	0.5420830000000001
2.6075e7	0.5499870000000001
2.6125e7	0.5578410000000001
2.6175e7	0.5658330000000001
2.6225e7	0.5736810000000001
2.6275e7	0.5813400000000001
2.6325e7	0.5891240000000001
2.6375e7	0.5969380000000001
2.6425e7	0.604477
2.6475e7	0.612118
2.6525e7	0.6197290000000001
2.6575e7	0.627368
2.6625e7	0.63498
2.6675e7	0.642289
2.6725e7	0.6495879999999999
2.6775e7	0.656747
2.6825e7	0.663956
2.6875e7	0.671056
2.6925e7	0.6781619999999999
2.6975e7	0.6851419999999999
2.7025e7	0.6919839999999999
2.7075e7	0.699085
2.7125e7	0.7057589999999999
2.7175e7	0.7126929999999999
2.7225e7	0.7193489999999999
2.7275e7	0.7260409999999999
2.7325e7	0.7325459999999999
2.7375e7	0.73898
2.7425e7	0.7454799999999999
2.7475e7	0.751759
2.7525e7	0.7579079999999999
2.7575e7	0.764106
2.7625e7	0.770115
2.7675e7	0.776271
2.7725e7	0.782146
2.7775e7	0.787918
2.7825e7	0.793648
2.7875e7	0.799195
2.7925e7	0.804655
2.7975e7	0.810071
2.8025e7	0.8155439999999999
2.8075e7	0.820811
2.8125e7	0.825917
2.8175e7	0.830952
2.8225e7	0.835912
2.8275e7	0.840695
2.8325e7	0.8453879999999999
2.8375e7	0.850123
2.8425e7	0.8547049999999999
2.8475e7	0.8591199999999999
2.8525e7	0.8633129999999999
2.8575e7	0.8675649999999999
2.8625e7	0.87174
2.8675e7	0.8758579999999999
2.8725e7	0.8797369999999999
2.8775e7	0.8835779999999999
2.8825e7	0.8873859999999999
2.8875e7	0.8909389999999999
2.8925e7	0.894589
2.8975e7	0.89813
2.9025e7	0.901502
2.9075e7	0.904776
2.9125e7	0.908126
2.9175e7	0.911391
2.9225e7	0.914508
2.9275e7	0.917522
2.9325e7	0.920418
2.9375e7	0.9233089999999999
2.9425e7	0.9260769999999999
2.9475e7	0.9287259999999999
2.9525e7	0.931403
2.9575e7	0.9339569999999999
2.9625e7	0.9364399999999999
2.9675e7	0.938881
2.9725e7	0.941237
2.9775e7	0.94344
2.9825e7	0.9456789999999999
2.9875e7	0.9478549999999999
2.9925e7	0.9499759999999999
2.9975e7	0.951961
3.0025e7	0.9538369999999999
3.0075e7	0.9557019999999999
3.0125e7	0.957421
3.0175e7	0.959156
3.0225e7	0.960789
3.0275e7	0.962441
3.0325e7	0.963964
3.0375e7	0.9655090000000001
3.0425e7	0.966991
3.0475e7	0.968377
3.0525e7	0.969659
3.0575e7	0.9709540000000001
3.0625e7	0.9722230000000001
3.0675e7	0.973376
3.0725e7	0.974504
3.0775e7	0.9755830000000001
3.0825e7	0.9767210000000001
3.0875e7	0.977847
3.0925e7	0.978828
3.0975e7	0.979784
3.1025e7	0.98077
3.1075e7	0.981681
3.1125e7	0.9825160000000001
3.1175e7	0.9833240000000001
3.1225e7	0.9841090000000001
3.1275e7	0.9848970000000001
3.1325e7	0.9855790000000001
3.1375e7	0.9862950000000001
3.1425e7	0.9869900000000001
3.1475e7	0.9875980000000002
3.1525e7	0.9881770000000002
3.1575e7	0.9887880000000002
3.1625e7	0.9893440000000002
3.1675e7	0.9898910000000002
3.1725e7	0.9903910000000001
3.1775e7	0.9908400000000002
3.1825e7	0.9912880000000002
3.1875e7	0.9917370000000002
3.1925e7	0.9921960000000002
3.1975e7	0.9926120000000002
3.2025e7	0.9929950000000002
3.2075e7	0.9933820000000002
3.2125e7	0.9937110000000002
3.2175e7	0.9940290000000003
3.2225e7	0.9943530000000003
3.2275e7	0.9946320000000003
3.2325e7	0.9949100000000003
3.2375e7	0.9951830000000003
3.2425e7	0.9954650000000003
3.2475e7	0.9957220000000002
3.2525e7	0.9959750000000002
3.2575e7	0.9961840000000002
3.2625e7	0.9963830000000001
3.2675e7	0.9965670000000001
3.2725e7	0.9967640000000001
3.2775e7	0.9969620000000001
3.2825e7	0.9971230000000001
3.2875e7	0.9972660000000001
3.2925e7	0.9974240000000001
3.2975e7	0.9975840000000001
3.3025e7	0.9977240000000002
3.3075e7	0.9978510000000002
3.3125e7	0.9979840000000002
3.3175e7	0.9981050000000002
3.3225e7	0.9982270000000002
3.3275e7	0.9983160000000002
3.3325e7	0.9984370000000002
3.3375e7	0.9985480000000002
3.3425e7	0.9986420000000003
3.3475e7	0.9987290000000002
3.3525e7	0.9988080000000003
3.3575e7	0.9988900000000003
3.3625e7	0.9989620000000002
3.3675e7	0.9990270000000002
3.3725e7	0.9990820000000002
3.3775e7	0.9991440000000003
3.3825e7	0.9991920000000003
3.3875e7	0.9992370000000003
3.3925e7	0.9992880000000003
3.3975e7	0.9993430000000003
3.4025e7	0.9993860000000003
3.4075e7	0.9994230000000003
3.4125e7	0.9994610000000003
3.4175e7	0.9995010000000003
3.4225e7	0.9995330000000003
3.4275e7	0.9995620000000003
3.4325e7	0.9995850000000003
3.4375e7	0.9996050000000003
3.4425e7	0.9996310000000003
3.4475e7	0.9996560000000003
3.4525e7	0.9996720000000003
3.4575e7	0.9996950000000003
3.4625e7	0.9997150000000004
3.4675e7	0.9997270000000004
3.4725e7	0.9997420000000004
3.4775e7	0.9997580000000004
3.4825e7	0.9997740000000004
3.4875e7	0.9997920000000003
3.4925e7	0.9998060000000003
3.4975e7	0.9998210000000003
3.5025e7	0.9998380000000003
3.5075e7	0.9998460000000003
3.5125e7	0.9998600000000003
3.5175e7	0.9998690000000003
3.5225e7	0.9998770000000003
3.5275e7	0.9998820000000004
3.5325e7	0.9998870000000004
3.5375e7	0.9998990000000004
3.5425e7	0.9999090000000004
3.5475e7	0.9999170000000004
3.5525e7	0.9999190000000003
3.5575e7	0.9999250000000003
3.5625e7	0.9999310000000002
3.5675e7	0.9999340000000002
3.5725e7	0.9999400000000002
3.5775e7	0.9999430000000001
3.5825e7	0.9999470000000001
3.5875e7	0.9999510000000001
3.5925e7	0.9999540000000001
3.5975e7	0.9999600000000001
3.6025e7	0.9999610000000001
3.6075e7	0.999963
3.6125e7	0.999967
3.6175e7	0.999967
3.6225e7	0.9999720000000001
3.6275e7	0.999974
3.6325e7	0.9999750000000001
3.6375e7	0.9999800000000001
3.6425e7	0.9999830000000001
3.6475e7	0.9999840000000001
3.6525e7	0.9999850000000001
3.6575e7	0.9999850000000001
3.6625e7	0.9999850000000001
3.6675e7	0.9999860000000002
3.6725e7	0.9999900000000002
3.6775e7	0.9999920000000001
3.6825e7	0.9999920000000001
3.6875e7	0.999994
3.6925e7	0.999994
3.6975e7	0.9999950000000001
3.7025e7	0.9999950000000001
3.7075e7	0.9999960000000001
3.7125e7	0.9999960000000001
3.7175e7	0.9999960000000001
3.7225e7	0.9999970000000001
3.7275e7	0.9999970000000001
3.7325e7	0.9999980000000002
3.7375e7	0.9999980000000002
3.7425e7	0.9999980000000002
3.7475e7	0.9999980000000002
3.7525e7	0.9999980000000002
3.7575e7	0.9999980000000002
3.7625e7	0.9999980000000002
3.7675e7	0.9999980000000002
3.7725e7	0.9999980000000002
3.7775e7	0.9999980000000002
3.7825e7	0.9999980000000002
3.7875e7	0.9999980000000002
3.7925e7	0.9999980000000002
3.7975e7	0.9999980000000002
3.8025e7	0.9999980000000002
3.8075e7	0.9999980000000002
3.8125e7	0.9999980000000002
3.8175e7	0.9999980000000002
3.8225e7	0.9999980000000002
3.8275e7	0.9999980000000002
3.8325e7	0.9999990000000002
3.8375e7	1.0000000000000002
