x	y
-2.2625e7	1.0e-6
-2.2575e7	1.0e-6
-2.2525e7	1.0e-6
-2.2475e7	2.0e-6
-2.2425e7	2.0e-6
-2.2375e7	2.0e-6
-2.2325e7	2.0e-6
-2.2275e7	2.0e-6
-2.2225e7	2.0e-6
-2.2175e7	2.0e-6
-2.2125e7	3.0e-6
-2.2075e7	3.0e-6
-2.2025e7	3.0e-6
-2.1975e7	3.0e-6
-2.1925e7	3.0e-6
-2.1875e7	3.0e-6
-2.1825e7	3.0e-6
-2.1775e7	3.0e-6
-2.1725e7	3.0e-6
-2.1675e7	4.0e-6
-2.1625e7	4.0e-6
-2.1575e7	4.0e-6
-2.1525e7	4.0e-6
-2.1475e7	4.9999999999999996e-6
-2.1425e7	5.999999999999999e-6
-2.1375e7	5.999999999999999e-6
-2.1325e7	5.999999999999999e-6
-2.1275e7	5.999999999999999e-6
-2.1225e7	5.999999999999999e-6
-2.1175e7	5.999999999999999e-6
-2.1125e7	6.999999999999999e-6
-2.1075e7	6.999999999999999e-6
-2.1025e7	8.999999999999999e-6
-2.0975e7	8.999999999999999e-6
-2.0925e7	9.999999999999999e-6
-2.0875e7	1.1e-5
-2.0825e7	1.2e-5
-2.0775e7	1.2e-5
-2.0725e7	1.2e-5
-2.0675e7	1.2e-5
-2.0625e7	1.2e-5
-2.0575e7	1.3000000000000001e-5
-2.0525e7	1.3000000000000001e-5
-2.0475e7	1.3000000000000001e-5
-2.0425e7	1.4000000000000001e-5
-2.0375e7	1.4000000000000001e-5
-2.0325e7	1.6000000000000003e-5
-2.0275e7	1.7000000000000003e-5
-2.0225e7	1.7000000000000003e-5
-2.0175e7	1.8000000000000004e-5
-2.0125e7	1.9000000000000004e-5
-2.0075e7	2.0000000000000005e-5
-2.0025e7	2.0000000000000005e-5
-1.9975e7	2.1000000000000006e-5
-1.9925e7	2.3000000000000007e-5
-1.9875e7	2.4000000000000007e-5
-1.9825e7	2.600000000000001e-5
-1.9775e7	2.600000000000001e-5
-1.9725e7	2.600000000000001e-5
-1.9675e7	2.600000000000001e-5
-1.9625e7	2.9000000000000007e-5
-1.9575e7	3.0000000000000008e-5
-1.9525e7	3.100000000000001e-5
-1.9475e7	3.100000000000001e-5
-1.9425e7	3.4000000000000007e-5
-1.9375e7	3.600000000000001e-5
-1.9325e7	3.800000000000001e-5
-1.9275e7	4.300000000000001e-5
-1.9225e7	4.500000000000001e-5
-1.9175e7	4.700000000000001e-5
-1.9125e7	4.900000000000001e-5
-1.9075e7	4.900000000000001e-5
-1.9025e7	5.000000000000001e-5
-1.8975e7	5.400000000000001e-5
-1.8925e7	5.500000000000001e-5
-1.8875e7	5.900000000000001e-5
-1.8825e7	6.000000000000001e-5
-1.8775e7	6.1000000000000005e-5
-1.8725e7	6.2e-5
-1.8675e7	6.4e-5
-1.8625e7	6.599999999999999e-5
-1.8575e7	7.0e-5
-1.8525e7	7.599999999999999e-5
-1.8475e7	7.799999999999999e-5
-1.8425e7	8.599999999999999e-5
-1.8375e7	9.199999999999999e-5
-1.8325e7	9.699999999999999e-5
-1.8275e7	0.00010499999999999999
-1.8225e7	0.000108
-1.8175e7	0.000112
-1.8125e7	0.000115
-1.8075e7	0.000124
-1.8025e7	0.000126
-1.7975e7	0.000134
-1.7925e7	0.000136
-1.7875e7	0.000142
-1.7825e7	0.00014700000000000002
-1.7775e7	0.000151
-1.7725e7	0.000154
-1.7675e7	0.000156
-1.7625e7	0.000162
-1.7575e7	0.000171
-1.7525e7	0.00017800000000000002
-1.7475e7	0.00018600000000000002
-1.7425e7	0.00019100000000000003
-1.7375e7	0.00020100000000000003
-1.7325e7	0.00021300000000000003
-1.7275e7	0.00021800000000000004
-1.7225e7	0.00022700000000000004
-1.7175e7	0.00023500000000000005
-1.7125e7	0.00024200000000000005
-1.7075e7	0.0002530000000000001
-1.7025e7	0.0002640000000000001
-1.6975e7	0.0002670000000000001
-1.6925e7	0.0002820000000000001
-1.6875e7	0.0002920000000000001
-1.6825e7	0.0003050000000000001
-1.6775e7	0.0003150000000000001
-1.6725e7	0.00031800000000000014
-1.6675e7	0.00032900000000000014
-1.6625e7	0.00034300000000000015
-1.6575e7	0.00034900000000000013
-1.6525e7	0.0003680000000000001
-1.6475e7	0.00038000000000000013
-1.6425e7	0.00039200000000000015
-1.6375e7	0.00040500000000000014
-1.6325e7	0.00041200000000000015
-1.6275e7	0.00042600000000000016
-1.6225e7	0.00044300000000000014
-1.6175e7	0.0004600000000000001
-1.6125e7	0.00048100000000000014
-1.6075e7	0.0005010000000000001
-1.6025e7	0.0005160000000000002
-1.5975e7	0.0005440000000000002
-1.5925e7	0.0005620000000000002
-1.5875e7	0.0005800000000000002
-1.5825e7	0.0006040000000000003
-1.5775e7	0.0006370000000000003
-1.5725e7	0.0006620000000000003
-1.5675e7	0.0006840000000000003
-1.5625e7	0.0007030000000000003
-1.5575e7	0.0007270000000000003
-1.5525e7	0.0007610000000000003
-1.5475e7	0.0007840000000000003
-1.5425e7	0.0008080000000000003
-1.5375e7	0.0008370000000000003
-1.5325e7	0.0008780000000000003
-1.5275e7	0.0009010000000000003
-1.5225e7	0.0009300000000000003
-1.5175e7	0.0009640000000000002
-1.5125e7	0.0010010000000000002
-1.5075e7	0.0010470000000000002
-1.5025e7	0.0010800000000000002
-1.4975e7	0.0011040000000000002
-1.4925e7	0.0011300000000000001
-1.4875e7	0.0011610000000000001
-1.4825e7	0.0011970000000000001
-1.4775e7	0.0012490000000000001
-1.4725e7	0.0012870000000000002
-1.4675e7	0.001319
-1.4625e7	0.001373
-1.4575e7	0.001415
-1.4525e7	0.001459
-1.4475e7	0.001505
-1.4425e7	0.001563
-1.4375e7	0.0016179999999999999
-1.4325e7	0.001671
-1.4275e7	0.0017339999999999999
-1.4225e7	0.0017839999999999998
-1.4175e7	0.0018519999999999997
-1.4125e7	0.0019049999999999998
-1.4075e7	0.001963
-1.4025e7	0.002023
-1.3975e7	0.002073
-1.3925e7	0.002147
-1.3875e7	0.002208
-1.3825e7	0.002281
-1.3775e7	0.002347
-1.3725e7	0.0024270000000000003
-1.3675e7	0.0024930000000000004
-1.3625e7	0.0025840000000000004
-1.3575e7	0.0026560000000000004
-1.3525e7	0.0027320000000000005
-1.3475e7	0.0028270000000000005
-1.3425e7	0.0029070000000000007
-1.3375e7	0.002993000000000001
-1.3325e7	0.003071000000000001
-1.3275e7	0.003147000000000001
-1.3225e7	0.0032340000000000008
-1.3175e7	0.0033320000000000008
-1.3125e7	0.003447000000000001
-1.3075e7	0.003571000000000001
-1.3025e7	0.0036740000000000006
-1.2975e7	0.0037870000000000004
-1.2925e7	0.0038930000000000006
-1.2875e7	0.004001
-1.2825e7	0.004094
-1.2775e7	0.00421
-1.2725e7	0.0043360000000000004
-1.2675e7	0.004449000000000001
-1.2625e7	0.004577
-1.2575e7	0.004724000000000001
-1.2525e7	0.004857000000000001
-1.2475e7	0.004992000000000001
-1.2425e7	0.005150000000000001
-1.2375e7	0.005296000000000001
-1.2325e7	0.005447000000000001
-1.2275e7	0.005602000000000001
-1.2225e7	0.005777000000000001
-1.2175e7	0.005921000000000001
-1.2125e7	0.0060880000000000005
-1.2075e7	0.0062580000000000005
-1.2025e7	0.006426
-1.1975e7	0.006614
-1.1925e7	0.00681
-1.1875e7	0.007011
-1.1825e7	0.0072169999999999995
-1.1775e7	0.007415
-1.1725e7	0.00761
-1.1675e7	0.007833999999999999
-1.1625e7	0.008048999999999999
-1.1575e7	0.008249
-1.1525e7	0.008496
-1.1475e7	0.00873
-1.1425e7	0.008965
-1.1375e7	0.009197
-1.1325e7	0.009445
-1.1275e7	0.009708
-1.1225e7	0.00997
-1.1175e7	0.010251
-1.1125e7	0.010524
-1.1075e7	0.010821
-1.1025e7	0.011101000000000001
-1.0975e7	0.011389000000000002
-1.0925e7	0.011689000000000001
-1.0875e7	0.012004
-1.0825e7	0.012338
-1.0775e7	0.012637
-1.0725e7	0.01297
-1.0675e7	0.013321000000000001
-1.0625e7	0.013677000000000002
-1.0575e7	0.014051000000000001
-1.0525e7	0.014442000000000002
-1.0475e7	0.014793000000000002
-1.0425e7	0.015172000000000003
-1.0375e7	0.015533000000000003
-1.0325e7	0.015915000000000002
-1.0275e7	0.016300000000000002
-1.0225e7	0.016696000000000003
-1.0175e7	0.017118
-1.0125e7	0.017545
-1.0075e7	0.017968
-1.0025e7	0.018417000000000003
-9.975e6	0.018810000000000004
-9.925e6	0.019261000000000004
-9.875e6	0.019749000000000003
-9.825e6	0.020227000000000002
-9.775e6	0.020735000000000003
-9.725e6	0.021262000000000003
-9.675e6	0.021769000000000004
-9.625e6	0.022296000000000003
-9.575e6	0.022896000000000003
-9.525e6	0.023420000000000003
-9.475e6	0.023979000000000004
-9.425e6	0.024528000000000005
-9.375e6	0.025092000000000003
-9.325e6	0.025723000000000003
-9.275e6	0.026328000000000004
-9.225e6	0.026980000000000004
-9.175e6	0.027582000000000002
-9.125e6	0.028194000000000004
-9.075e6	0.028855000000000002
-9.025e6	0.029509
-8.975e6	0.030146
-8.925e6	0.030813
-8.875e6	0.031536
-8.825e6	0.032236
-8.775e6	0.032948
-8.725e6	0.033699
-8.675e6	0.034411
-8.625e6	0.035156
-8.575e6	0.035917
-8.525e6	0.036701
-8.475e6	0.037488
-8.425e6	0.038298
-8.375e6	0.039185
-8.325e6	0.039962
-8.275e6	0.04083
-8.225e6	0.041727
-8.175e6	0.042607
-8.125e6	0.043470999999999996
-8.075e6	0.04437699999999999
-8.025e6	0.045355999999999994
-7.975e6	0.04632599999999999
-7.925e6	0.047319999999999994
-7.875e6	0.04830299999999999
-7.825e6	0.04930999999999999
-7.775e6	0.05037499999999999
-7.725e6	0.051425999999999986
-7.675e6	0.052485999999999984
-7.625e6	0.05357199999999998
-7.575e6	0.05469799999999998
-7.525e6	0.055857999999999984
-7.475e6	0.057025999999999986
-7.425e6	0.058161999999999985
-7.375e6	0.059362999999999985
-7.325e6	0.060520999999999985
-7.275e6	0.061664999999999984
-7.225e6	0.06292099999999998
-7.175e6	0.06409899999999998
-7.125e6	0.06537999999999998
-7.075e6	0.06664299999999998
-7.025e6	0.06798199999999999
-6.975e6	0.06934599999999999
-6.925e6	0.07056799999999999
-6.875e6	0.07188599999999999
-6.825e6	0.07324499999999999
-6.775e6	0.07462999999999999
-6.725e6	0.07603499999999999
-6.675e6	0.07752099999999999
-6.625e6	0.07898799999999999
-6.575e6	0.08047499999999999
-6.525e6	0.081923
-6.475e6	0.08351399999999999
-6.425e6	0.08505499999999999
-6.375e6	0.08662299999999999
-6.325e6	0.08821699999999999
-6.275e6	0.08980899999999999
-6.225e6	0.09138299999999999
-6.175e6	0.09305599999999999
-6.125e6	0.09468899999999998
-6.075e6	0.09640199999999999
-6.025e6	0.09817499999999998
-5.975e6	0.09983099999999999
-5.925e6	0.10162399999999999
-5.875e6	0.103378
-5.825e6	0.105164
-5.775e6	0.106997
-5.725e6	0.10886
-5.675e6	0.110696
-5.625e6	0.112579
-5.575e6	0.114524
-5.525e6	0.116467
-5.475e6	0.118512
-5.425e6	0.120408
-5.375e6	0.12242700000000001
-5.325e6	0.12445800000000001
-5.275e6	0.126562
-5.225e6	0.128677
-5.175e6	0.13076500000000002
-5.125e6	0.13284800000000002
-5.075e6	0.134975
-5.025e6	0.137086
-4.975e6	0.13936700000000002
-4.925e6	0.141632
-4.875e6	0.143876
-4.825e6	0.146089
-4.775e6	0.148315
-4.725e6	0.150638
-4.675e6	0.153028
-4.625e6	0.155406
-4.575e6	0.15789099999999998
-4.525e6	0.16031399999999998
-4.475e6	0.16272399999999998
-4.425e6	0.16517099999999998
-4.375e6	0.16749399999999998
-4.325e6	0.170061
-4.275e6	0.172654
-4.225e6	0.175239
-4.175e6	0.17774800000000002
-4.125e6	0.18039700000000003
-4.075e6	0.18306600000000003
-4.025e6	0.18572300000000003
-3.975e6	0.18844200000000003
-3.925e6	0.19122200000000003
-3.875e6	0.19405100000000003
-3.825e6	0.19674900000000003
-3.775e6	0.19952400000000003
-3.725e6	0.20228000000000004
-3.675e6	0.20516600000000004
-3.625e6	0.20793400000000004
-3.575e6	0.21078700000000003
-3.525e6	0.21364500000000003
-3.475e6	0.21657500000000002
-3.425e6	0.219513
-3.375e6	0.222455
-3.325e6	0.225341
-3.275e6	0.228273
-3.225e6	0.231349
-3.175e6	0.234436
-3.125e6	0.237459
-3.075e6	0.240499
-3.025e6	0.24370799999999998
-2.975e6	0.24675499999999997
-2.925e6	0.24991299999999997
-2.875e6	0.25301399999999996
-2.825e6	0.25619499999999995
-2.775e6	0.25937199999999994
-2.725e6	0.26261799999999996
-2.675e6	0.26582399999999995
-2.625e6	0.26911599999999997
-2.575e6	0.272431
-2.525e6	0.275725
-2.475e6	0.27913
-2.425e6	0.282563
-2.375e6	0.285928
-2.325e6	0.28932800000000003
-2.275e6	0.292725
-2.225e6	0.29618300000000003
-2.175e6	0.29963900000000004
-2.125e6	0.30303700000000006
-2.075e6	0.30648000000000003
-2.025e6	0.309856
-1.975e6	0.31324
-1.925e6	0.31683500000000003
-1.875e6	0.32030000000000003
-1.825e6	0.323792
-1.775e6	0.32732700000000003
-1.725e6	0.330915
-1.675e6	0.334548
-1.625e6	0.338146
-1.575e6	0.341849
-1.525e6	0.34553900000000004
-1.475e6	0.34922900000000007
-1.425e6	0.3529340000000001
-1.375e6	0.3565140000000001
-1.325e6	0.3601160000000001
-1.275e6	0.3637750000000001
-1.225e6	0.36757300000000015
-1.175e6	0.37128000000000017
-1.125e6	0.3750430000000002
-1.075e6	0.3787940000000002
-1.025e6	0.3825260000000002
-975000.0	0.3862810000000002
-925000.0	0.39010400000000023
-875000.0	0.3938680000000002
-825000.0	0.3976090000000002
-775000.0	0.4015060000000002
-725000.0	0.4053090000000002
-675000.0	0.4090730000000002
-625000.0	0.4128660000000002
-575000.0	0.41672400000000015
-525000.0	0.42057700000000015
-475000.0	0.4243810000000001
-425000.0	0.42834500000000014
-375000.0	0.43230300000000016
-325000.0	0.4360640000000002
-275000.0	0.4399410000000002
-225000.0	0.4437570000000002
-175000.0	0.44768700000000017
-125000.0	0.4515810000000002
-75000.0	0.45552400000000015
-25000.0	0.4593800000000002
25000.0	0.4632590000000002
75000.0	0.4670140000000002
125000.0	0.4708570000000002
175000.0	0.4748920000000002
225000.0	0.4787960000000002
275000.0	0.4827140000000002
325000.0	0.4866980000000002
375000.0	0.4907150000000002
425000.0	0.4947580000000002
475000.0	0.49875500000000017
525000.0	0.5026940000000002
575000.0	0.5067120000000002
625000.0	0.5106150000000002
675000.0	0.5145700000000002
725000.0	0.5185310000000002
775000.0	0.5225670000000002
825000.0	0.5265100000000003
875000.0	0.5304690000000003
925000.0	0.5344780000000003
975000.0	0.5384990000000004
1.025e6	0.5424740000000003
1.075e6	0.5463500000000003
1.125e6	0.5500760000000003
1.175e6	0.5538820000000003
1.225e6	0.5577370000000004
1.275e6	0.5616170000000004
1.325e6	0.5654770000000003
1.375e6	0.5693590000000004
1.425e6	0.5733230000000004
1.475e6	0.5771350000000004
1.525e6	0.5810340000000004
1.575e6	0.5848590000000004
1.625e6	0.5886570000000003
1.675e6	0.5924560000000003
1.725e6	0.5963970000000003
1.775e6	0.6002520000000003
1.825e6	0.6040680000000004
1.875e6	0.6078710000000004
1.925e6	0.6117520000000004
1.975e6	0.6156250000000004
2.025e6	0.6193240000000004
2.075e6	0.6230990000000004
2.125e6	0.6268400000000004
2.175e6	0.6306660000000004
2.225e6	0.6344170000000003
2.275e6	0.6381070000000003
2.325e6	0.6417740000000003
2.375e6	0.6454490000000003
2.425e6	0.6490060000000003
2.475e6	0.6526290000000003
2.525e6	0.6562650000000003
2.575e6	0.6599210000000003
2.625e6	0.6635130000000004
2.675e6	0.6671510000000004
2.725e6	0.6708410000000004
2.775e6	0.6743590000000004
2.825e6	0.6778880000000004
2.875e6	0.6814680000000004
2.925e6	0.6850750000000004
2.975e6	0.6886300000000004
3.025e6	0.6921640000000004
3.075e6	0.6955500000000004
3.125e6	0.6990200000000004
3.175e6	0.7024060000000004
3.225e6	0.7057850000000004
3.275e6	0.7092010000000004
3.325e6	0.7124890000000004
3.375e6	0.7157770000000003
3.425e6	0.7191470000000003
3.475e6	0.7224150000000004
3.525e6	0.7256910000000003
3.575e6	0.7289210000000003
3.625e6	0.7321100000000003
3.675e6	0.7353220000000003
3.725e6	0.7384950000000002
3.775e6	0.7417230000000002
3.825e6	0.7449240000000003
3.875e6	0.7480740000000002
3.925e6	0.7511830000000003
3.975e6	0.7543920000000003
4.025e6	0.7574170000000003
4.075e6	0.7605050000000003
4.125e6	0.7636020000000003
4.175e6	0.7665540000000003
4.225e6	0.7694320000000003
4.275e6	0.7724050000000003
4.325e6	0.7754780000000003
4.375e6	0.7784320000000003
4.425e6	0.7813470000000003
4.475e6	0.7842320000000004
4.525e6	0.7870750000000004
4.575e6	0.7899250000000004
4.625e6	0.7927910000000005
4.675e6	0.7956020000000005
4.725e6	0.7983420000000004
4.775e6	0.8011340000000005
4.825e6	0.8038920000000005
4.875e6	0.8065480000000005
4.925e6	0.8092200000000005
4.975e6	0.8119470000000005
5.025e6	0.8146330000000005
5.075e6	0.8172220000000004
5.125e6	0.8198280000000004
5.175e6	0.8224650000000004
5.225e6	0.8249730000000004
5.275e6	0.8274750000000004
5.325e6	0.8300050000000004
5.375e6	0.8324890000000005
5.425e6	0.8349710000000005
5.475e6	0.8374300000000005
5.525e6	0.8398720000000005
5.575e6	0.8422710000000005
5.625e6	0.8446040000000006
5.675e6	0.8468820000000006
5.725e6	0.8491630000000006
5.775e6	0.8514050000000005
5.825e6	0.8536810000000005
5.875e6	0.8558550000000005
5.925e6	0.8580220000000005
5.975e6	0.8601900000000005
6.025e6	0.8623570000000005
6.075e6	0.8645410000000004
6.125e6	0.8667200000000005
6.175e6	0.8688710000000005
6.225e6	0.8709120000000005
6.275e6	0.8730040000000004
6.325e6	0.8750890000000004
6.375e6	0.8770890000000005
6.425e6	0.8789790000000004
6.475e6	0.8809770000000005
6.525e6	0.8829080000000005
6.575e6	0.8848210000000005
6.625e6	0.8867900000000005
6.675e6	0.8885970000000005
6.725e6	0.8904110000000005
6.775e6	0.8922030000000005
6.825e6	0.8939840000000006
6.875e6	0.8957380000000006
6.925e6	0.8975310000000006
6.975e6	0.8992500000000007
7.025e6	0.9009510000000006
7.075e6	0.9026650000000006
7.125e6	0.9043420000000006
7.175e6	0.9059100000000007
7.225e6	0.9075430000000007
7.275e6	0.9091340000000007
7.325e6	0.9106610000000006
7.375e6	0.9121810000000006
7.425e6	0.9137550000000005
7.475e6	0.9152830000000005
7.525e6	0.9168170000000005
7.575e6	0.9182500000000006
7.625e6	0.9197210000000006
7.675e6	0.9211220000000006
7.725e6	0.9225370000000006
7.775e6	0.9239410000000006
7.825e6	0.9252990000000005
7.875e6	0.9267100000000006
7.925e6	0.9280720000000006
7.975e6	0.9293470000000006
8.025e6	0.9307060000000006
8.075e6	0.9319870000000006
8.125e6	0.9332530000000006
8.175e6	0.9345070000000005
8.225e6	0.9358050000000006
8.275e6	0.9370510000000005
8.325e6	0.9382070000000006
8.375e6	0.9394390000000006
8.425e6	0.9405570000000005
8.475e6	0.9417430000000006
8.525e6	0.9428640000000006
8.575e6	0.9439050000000005
8.625e6	0.9450020000000006
8.675e6	0.9460290000000006
8.725e6	0.9471000000000006
8.775e6	0.9481510000000006
8.825e6	0.9491530000000006
8.875e6	0.9501450000000006
8.925e6	0.9511660000000006
8.975e6	0.9521390000000006
9.025e6	0.9531170000000007
9.075e6	0.9540840000000007
9.125e6	0.9549450000000007
9.175e6	0.9558690000000007
9.225e6	0.9567520000000007
9.275e6	0.9576600000000007
9.325e6	0.9585230000000007
9.375e6	0.9593730000000007
9.425e6	0.9602120000000007
9.475e6	0.9610510000000008
9.525e6	0.9619060000000008
9.575e6	0.9627030000000009
9.625e6	0.9635110000000009
9.675e6	0.9643040000000009
9.725e6	0.965007000000001
9.775e6	0.9657510000000009
9.825e6	0.966540000000001
9.875e6	0.9672300000000009
9.925e6	0.967872000000001
9.975e6	0.968563000000001
1.0025e7	0.969209000000001
1.0075e7	0.969807000000001
1.0125e7	0.970488000000001
1.0175e7	0.971130000000001
1.0225e7	0.971728000000001
1.0275e7	0.972361000000001
1.0325e7	0.972923000000001
1.0375e7	0.9735700000000009
1.0425e7	0.9741180000000009
1.0475e7	0.9747280000000009
1.0525e7	0.9752750000000009
1.0575e7	0.9758180000000009
1.0625e7	0.9763330000000009
1.0675e7	0.976887000000001
1.0725e7	0.9773680000000009
1.0775e7	0.9779020000000009
1.0825e7	0.978412000000001
1.0875e7	0.978918000000001
1.0925e7	0.979398000000001
1.0975e7	0.979896000000001
1.1025e7	0.980376000000001
1.1075e7	0.980848000000001
1.1125e7	0.9813000000000011
1.1175e7	0.9817440000000011
1.1225e7	0.9821610000000011
1.1275e7	0.982585000000001
1.1325e7	0.982998000000001
1.1375e7	0.9833970000000011
1.1425e7	0.9837810000000011
1.1475e7	0.9841530000000012
1.1525e7	0.9845670000000012
1.1575e7	0.9849430000000012
1.1625e7	0.9853280000000012
1.1675e7	0.9856730000000012
1.1725e7	0.9860330000000013
1.1775e7	0.9863460000000013
1.1825e7	0.9866940000000013
1.1875e7	0.9870350000000013
1.1925e7	0.9873780000000013
1.1975e7	0.9876960000000014
1.2025e7	0.9880020000000014
1.2075e7	0.9883050000000014
1.2125e7	0.9885870000000014
1.2175e7	0.9888960000000014
1.2225e7	0.9891400000000015
1.2275e7	0.9894070000000015
1.2325e7	0.9896810000000015
1.2375e7	0.9899150000000014
1.2425e7	0.9901970000000014
1.2475e7	0.9904460000000015
1.2525e7	0.9906840000000015
1.2575e7	0.9909180000000014
1.2625e7	0.9911550000000015
1.2675e7	0.9913850000000014
1.2725e7	0.9916100000000014
1.2775e7	0.9918540000000015
1.2825e7	0.9920770000000014
1.2875e7	0.9922790000000015
1.2925e7	0.9924750000000014
1.2975e7	0.9926670000000014
1.3025e7	0.9928360000000014
1.3075e7	0.9930250000000014
1.3125e7	0.9932200000000013
1.3175e7	0.9934220000000014
1.3225e7	0.9935940000000013
1.3275e7	0.9937610000000013
1.3325e7	0.9939200000000014
1.3375e7	0.9940770000000013
1.3425e7	0.9942600000000014
1.3475e7	0.9944090000000013
1.3525e7	0.9945630000000013
1.3575e7	0.9947060000000013
1.3625e7	0.9948490000000013
1.3675e7	0.9949880000000013
1.3725e7	0.9951310000000013
1.3775e7	0.9952890000000013
1.3825e7	0.9954140000000014
1.3875e7	0.9955550000000013
1.3925e7	0.9956610000000014
1.3975e7	0.9957810000000014
1.4025e7	0.9958880000000013
1.4075e7	0.9960020000000013
1.4125e7	0.9961350000000013
1.4175e7	0.9962510000000013
1.4225e7	0.9963600000000014
1.4275e7	0.9964650000000014
1.4325e7	0.9965620000000014
1.4375e7	0.9966510000000014
1.4425e7	0.9967480000000014
1.4475e7	0.9968400000000014
1.4525e7	0.9969260000000014
1.4575e7	0.9970140000000014
1.4625e7	0.9971020000000014
1.4675e7	0.9971700000000013
1.4725e7	0.9972580000000013
1.4775e7	0.9973280000000013
1.4825e7	0.9973890000000013
1.4875e7	0.9974780000000013
1.4925e7	0.9975430000000013
1.4975e7	0.9976170000000013
1.5025e7	0.9976930000000013
1.5075e7	0.9977500000000012
1.5125e7	0.9978260000000012
1.5175e7	0.9978960000000012
1.5225e7	0.9979490000000012
1.5275e7	0.9980060000000012
1.5325e7	0.9980610000000012
1.5375e7	0.9981080000000012
1.5425e7	0.9981570000000012
1.5475e7	0.9982020000000011
1.5525e7	0.9982500000000012
1.5575e7	0.9983000000000012
1.5625e7	0.9983560000000011
1.5675e7	0.9984120000000011
1.5725e7	0.9984640000000011
1.5775e7	0.9985110000000011
1.5825e7	0.9985550000000012
1.5875e7	0.9985910000000012
1.5925e7	0.9986200000000012
1.5975e7	0.9986650000000011
1.6025e7	0.9987230000000011
1.6075e7	0.9987640000000011
1.6125e7	0.9988000000000011
1.6175e7	0.9988240000000012
1.6225e7	0.9988540000000011
1.6275e7	0.9988900000000012
1.6325e7	0.9989210000000012
1.6375e7	0.9989430000000011
1.6425e7	0.9989700000000011
1.6475e7	0.9989990000000011
1.6525e7	0.9990260000000011
1.6575e7	0.9990600000000011
1.6625e7	0.9990920000000011
1.6675e7	0.9991180000000011
1.6725e7	0.9991460000000011
1.6775e7	0.9991710000000011
1.6825e7	0.9991930000000011
1.6875e7	0.999222000000001
1.6925e7	0.999244000000001
1.6975e7	0.999271000000001
1.7025e7	0.999289000000001
1.7075e7	0.999309000000001
1.7125e7	0.999327000000001
1.7175e7	0.9993490000000009
1.7225e7	0.9993760000000009
1.7275e7	0.999396000000001
1.7325e7	0.9994110000000009
1.7375e7	0.999427000000001
1.7425e7	0.999446000000001
1.7475e7	0.999462000000001
1.7525e7	0.999479000000001
1.7575e7	0.999499000000001
1.7625e7	0.9995160000000011
1.7675e7	0.9995330000000011
1.7725e7	0.9995520000000011
1.7775e7	0.9995680000000011
1.7825e7	0.9995900000000011
1.7875e7	0.9996010000000011
1.7925e7	0.9996140000000011
1.7975e7	0.9996310000000012
1.8025e7	0.9996470000000012
1.8075e7	0.9996660000000012
1.8125e7	0.9996750000000012
1.8175e7	0.9996930000000012
1.8225e7	0.9996990000000011
1.8275e7	0.9997110000000011
1.8325e7	0.9997180000000011
1.8375e7	0.9997380000000011
1.8425e7	0.9997510000000012
1.8475e7	0.9997570000000011
1.8525e7	0.9997630000000011
1.8575e7	0.9997710000000011
1.8625e7	0.9997790000000011
1.8675e7	0.9997870000000011
1.8725e7	0.9997950000000011
1.8775e7	0.9998060000000011
1.8825e7	0.9998180000000011
1.8875e7	0.9998230000000011
1.8925e7	0.9998270000000011
1.8975e7	0.9998340000000011
1.9025e7	0.9998430000000011
1.9075e7	0.9998490000000011
1.9125e7	0.9998560000000011
1.9175e7	0.999862000000001
1.9225e7	0.999866000000001
1.9275e7	0.999868000000001
1.9325e7	0.999875000000001
1.9375e7	0.9998780000000009
1.9425e7	0.9998850000000009
1.9475e7	0.9998890000000009
1.9525e7	0.9998960000000009
1.9575e7	0.9999010000000009
1.9625e7	0.9999080000000009
1.9675e7	0.9999100000000009
1.9725e7	0.9999100000000009
1.9775e7	0.9999140000000009
1.9825e7	0.9999180000000009
1.9875e7	0.9999230000000009
1.9925e7	0.9999250000000008
1.9975e7	0.9999260000000009
2.0025e7	0.9999260000000009
2.0075e7	0.9999270000000009
2.0125e7	0.9999280000000009
2.0175e7	0.999929000000001
2.0225e7	0.999933000000001
2.0275e7	0.9999360000000009
2.0325e7	0.9999390000000009
2.0375e7	0.9999390000000009
2.0425e7	0.9999400000000009
2.0475e7	0.999941000000001
2.0525e7	0.999945000000001
2.0575e7	0.999949000000001
2.0625e7	0.999952000000001
2.0675e7	0.9999550000000009
2.0725e7	0.9999570000000009
2.0775e7	0.9999590000000008
2.0825e7	0.9999600000000008
2.0875e7	0.9999610000000009
2.0925e7	0.9999620000000009
2.0975e7	0.9999620000000009
2.1025e7	0.9999630000000009
2.1075e7	0.999964000000001
2.1125e7	0.999964000000001
2.1175e7	0.999964000000001
2.1225e7	0.9999660000000009
2.1275e7	0.9999680000000009
2.1325e7	0.9999680000000009
2.1375e7	0.9999680000000009
2.1425e7	0.9999690000000009
2.1475e7	0.9999700000000009
2.1525e7	0.9999700000000009
2.1575e7	0.9999740000000009
2.1625e7	0.999975000000001
2.1675e7	0.999976000000001
2.1725e7	0.9999780000000009
2.1775e7	0.999979000000001
2.1825e7	0.999979000000001
2.1875e7	0.9999810000000009
2.1925e7	0.9999820000000009
2.1975e7	0.999983000000001
2.2025e7	0.999983000000001
2.2075e7	0.999983000000001
2.2125e7	0.999983000000001
2.2175e7	0.999984000000001
2.2225e7	0.999984000000001
2.2275e7	0.999984000000001
2.2325e7	0.999987000000001
2.2375e7	0.999988000000001
2.2425e7	0.999988000000001
2.2475e7	0.999989000000001
2.2525e7	0.999989000000001
2.2575e7	0.999991000000001
2.2625e7	0.999991000000001
2.2675e7	0.999991000000001
2.2725e7	0.999991000000001
2.2775e7	0.999991000000001
2.2825e7	0.9999940000000009
2.2875e7	0.9999940000000009
2.2925e7	0.9999940000000009
2.2975e7	0.9999940000000009
2.3025e7	0.999995000000001
2.3075e7	0.999995000000001
2.3125e7	0.999995000000001
2.3175e7	0.999996000000001
2.3225e7	0.999996000000001
2.3275e7	0.999996000000001
2.3325e7	0.999996000000001
2.3375e7	0.999996000000001
2.3425e7	0.999996000000001
2.3475e7	0.999996000000001
2.3525e7	0.999996000000001
2.3575e7	0.999996000000001
2.3625e7	0.999996000000001
2.3675e7	0.999997000000001
2.3725e7	0.999997000000001
2.3775e7	0.999997000000001
2.3825e7	0.999997000000001
2.3875e7	0.999997000000001
2.3925e7	0.999997000000001
2.3975e7	0.999997000000001
2.4025e7	0.999997000000001
2.4075e7	0.999997000000001
2.4125e7	0.999997000000001
2.4175e7	0.999997000000001
2.4225e7	0.999997000000001
2.4275e7	0.999997000000001
2.4325e7	0.999997000000001
2.4375e7	0.999997000000001
2.4425e7	0.999997000000001
2.4475e7	0.999997000000001
2.4525e7	0.999997000000001
2.4575e7	0.999997000000001
2.4625e7	0.999997000000001
2.4675e7	0.999997000000001
2.4725e7	0.999997000000001
2.4775e7	0.999997000000001
2.4825e7	0.999997000000001
2.4875e7	0.999997000000001
2.4925e7	0.999997000000001
2.4975e7	0.999997000000001
2.5025e7	0.999997000000001
2.5075e7	0.999999000000001
2.5125e7	0.999999000000001
2.5175e7	0.999999000000001
2.5225e7	1.0000000000000009
