x	y
-2.6925e7	1.0e-7
-2.6875e7	1.0e-7
-2.6825e7	1.0e-7
-2.6775e7	1.0e-7
-2.6725e7	1.0e-7
-2.6675e7	1.0e-7
-2.6625e7	1.0e-7
-2.6575e7	1.0e-7
-2.6525e7	1.0e-7
-2.6475e7	1.0e-7
-2.6425e7	1.0e-7
-2.6375e7	1.0e-7
-2.6325e7	1.0e-7
-2.6275e7	1.0e-7
-2.6225e7	1.0e-7
-2.6175e7	1.0e-7
-2.6125e7	1.0e-7
-2.6075e7	1.0e-7
-2.6025e7	1.0e-7
-2.5975e7	1.0e-7
-2.5925e7	1.0e-7
-2.5875e7	1.0e-7
-2.5825e7	1.0e-7
-2.5775e7	1.0e-7
-2.5725e7	1.0e-7
-2.5675e7	1.0e-7
-2.5625e7	1.0e-7
-2.5575e7	1.0e-7
-2.5525e7	1.0e-7
-2.5475e7	1.0e-7
-2.5425e7	1.0e-7
-2.5375e7	1.0e-7
-2.5325e7	1.0e-7
-2.5275e7	1.0e-7
-2.5225e7	1.0e-7
-2.5175e7	2.0e-7
-2.5125e7	2.0e-7
-2.5075e7	2.0e-7
-2.5025e7	2.0e-7
-2.4975e7	2.0e-7
-2.4925e7	2.0e-7
-2.4875e7	2.0e-7
-2.4825e7	2.0e-7
-2.4775e7	2.0e-7
-2.4725e7	2.0e-7
-2.4675e7	2.0e-7
-2.4625e7	3.0e-7
-2.4575e7	4.0e-7
-2.4525e7	4.0e-7
-2.4475e7	6.0e-7
-2.4425e7	6.0e-7
-2.4375e7	6.0e-7
-2.4325e7	7.0e-7
-2.4275e7	7.0e-7
-2.4225e7	7.0e-7
-2.4175e7	8.0e-7
-2.4125e7	9.0e-7
-2.4075e7	1.0e-6
-2.4025e7	1.0e-6
-2.3975e7	1.1e-6
-2.3925e7	1.1e-6
-2.3875e7	1.1e-6
-2.3825e7	1.1e-6
-2.3775e7	1.1e-6
-2.3725e7	1.2e-6
-2.3675e7	1.2e-6
-2.3625e7	1.2e-6
-2.3575e7	1.2e-6
-2.3525e7	1.5e-6
-2.3475e7	1.7e-6
-2.3425e7	1.8000000000000001e-6
-2.3375e7	1.9e-6
-2.3325e7	1.9e-6
-2.3275e7	2.0e-6
-2.3225e7	2.2e-6
-2.3175e7	2.2e-6
-2.3125e7	2.3e-6
-2.3075e7	2.4e-6
-2.3025e7	2.5999999999999997e-6
-2.2975e7	2.6999999999999996e-6
-2.2925e7	2.8999999999999993e-6
-2.2875e7	3.099999999999999e-6
-2.2825e7	3.199999999999999e-6
-2.2775e7	3.299999999999999e-6
-2.2725e7	3.599999999999999e-6
-2.2675e7	3.799999999999999e-6
-2.2625e7	3.899999999999999e-6
-2.2575e7	3.899999999999999e-6
-2.2525e7	3.999999999999999e-6
-2.2475e7	4.299999999999999e-6
-2.2425e7	4.499999999999998e-6
-2.2375e7	4.699999999999998e-6
-2.2325e7	5.399999999999998e-6
-2.2275e7	5.599999999999998e-6
-2.2225e7	5.899999999999998e-6
-2.2175e7	6.199999999999997e-6
-2.2125e7	6.299999999999997e-6
-2.2075e7	6.399999999999997e-6
-2.2025e7	6.499999999999997e-6
-2.1975e7	6.499999999999997e-6
-2.1925e7	6.499999999999997e-6
-2.1875e7	6.799999999999997e-6
-2.1825e7	6.899999999999997e-6
-2.1775e7	7.099999999999996e-6
-2.1725e7	7.599999999999997e-6
-2.1675e7	7.799999999999996e-6
-2.1625e7	8.199999999999996e-6
-2.1575e7	8.599999999999996e-6
-2.1525e7	8.899999999999996e-6
-2.1475e7	9.299999999999996e-6
-2.1425e7	9.399999999999996e-6
-2.1375e7	9.599999999999996e-6
-2.1325e7	1.0099999999999996e-5
-2.1275e7	1.0099999999999996e-5
-2.1225e7	1.0499999999999996e-5
-2.1175e7	1.1199999999999996e-5
-2.1125e7	1.1699999999999996e-5
-2.1075e7	1.2199999999999997e-5
-2.1025e7	1.2699999999999997e-5
-2.0975e7	1.3599999999999997e-5
-2.0925e7	1.4199999999999996e-5
-2.0875e7	1.4599999999999996e-5
-2.0825e7	1.5099999999999996e-5
-2.0775e7	1.5799999999999994e-5
-2.0725e7	1.6499999999999994e-5
-2.0675e7	1.7399999999999996e-5
-2.0625e7	1.7899999999999995e-5
-2.0575e7	1.8499999999999996e-5
-2.0525e7	1.9399999999999997e-5
-2.0475e7	2.03e-5
-2.0425e7	2.13e-5
-2.0375e7	2.22e-5
-2.0325e7	2.3e-5
-2.0275e7	2.38e-5
-2.0225e7	2.4999999999999998e-5
-2.0175e7	2.59e-5
-2.0125e7	2.66e-5
-2.0075e7	2.74e-5
-2.0025e7	2.81e-5
-1.9975e7	2.8899999999999998e-5
-1.9925e7	2.9999999999999997e-5
-1.9875e7	3.1299999999999995e-5
-1.9825e7	3.22e-5
-1.9775e7	3.3499999999999994e-5
-1.9725e7	3.449999999999999e-5
-1.9675e7	3.5999999999999994e-5
-1.9625e7	3.75e-5
-1.9575e7	3.93e-5
-1.9525e7	4.11e-5
-1.9475e7	4.27e-5
-1.9425e7	4.4500000000000004e-5
-1.9375e7	4.66e-5
-1.9325e7	4.88e-5
-1.9275e7	5.19e-5
-1.9225e7	5.39e-5
-1.9175e7	5.58e-5
-1.9125e7	5.86e-5
-1.9075e7	6.08e-5
-1.9025e7	6.330000000000001e-5
-1.8975e7	6.560000000000001e-5
-1.8925e7	6.890000000000001e-5
-1.8875e7	7.09e-5
-1.8825e7	7.24e-5
-1.8775e7	7.39e-5
-1.8725e7	7.719999999999999e-5
-1.8675e7	8.17e-5
-1.8625e7	8.489999999999999e-5
-1.8575e7	8.79e-5
-1.8525e7	9.209999999999999e-5
-1.8475e7	9.579999999999998e-5
-1.8425e7	0.00010009999999999998
-1.8375e7	0.00010389999999999998
-1.8325e7	0.00010779999999999998
-1.8275e7	0.00011359999999999998
-1.8225e7	0.00011809999999999998
-1.8175e7	0.00012159999999999999
-1.8125e7	0.0001258
-1.8075e7	0.0001311
-1.8025e7	0.0001379
-1.7975e7	0.0001439
-1.7925e7	0.0001509
-1.7875e7	0.0001576
-1.7825e7	0.00016450000000000001
-1.7775e7	0.0001708
-1.7725e7	0.0001766
-1.7675e7	0.0001844
-1.7625e7	0.0001899
-1.7575e7	0.00019810000000000002
-1.7525e7	0.0002066
-1.7475e7	0.00021380000000000002
-1.7425e7	0.00022070000000000002
-1.7375e7	0.0002291
-1.7325e7	0.00023810000000000001
-1.7275e7	0.0002459
-1.7225e7	0.0002563
-1.7175e7	0.0002653
-1.7125e7	0.0002742
-1.7075e7	0.0002838
-1.7025e7	0.0002955
-1.6975e7	0.000306
-1.6925e7	0.0003192
-1.6875e7	0.0003321
-1.6825e7	0.00034429999999999997
-1.6775e7	0.00035719999999999995
-1.6725e7	0.00037119999999999997
-1.6675e7	0.00038429999999999996
-1.6625e7	0.00040199999999999996
-1.6575e7	0.0004161
-1.6525e7	0.0004318
-1.6475e7	0.0004481
-1.6425e7	0.0004638
-1.6375e7	0.0004822
-1.6325e7	0.0004982
-1.6275e7	0.0005156
-1.6225e7	0.0005344
-1.6175e7	0.000553
-1.6125e7	0.0005733
-1.6075e7	0.0005951
-1.6025e7	0.0006172
-1.5975e7	0.0006397
-1.5925e7	0.000659
-1.5875e7	0.0006814
-1.5825e7	0.0007053
-1.5775e7	0.0007297
-1.5725e7	0.0007512
-1.5675e7	0.0007756
-1.5625e7	0.0008034
-1.5575e7	0.0008312
-1.5525e7	0.000858
-1.5475e7	0.0008868000000000001
-1.5425e7	0.0009180000000000001
-1.5375e7	0.0009497
-1.5325e7	0.0009818000000000001
-1.5275e7	0.0010143
-1.5225e7	0.0010472
-1.5175e7	0.0010861
-1.5125e7	0.001121
-1.5075e7	0.001158
-1.5025e7	0.0011956
-1.4975e7	0.0012378
-1.4925e7	0.001276
-1.4875e7	0.0013218
-1.4825e7	0.0013687999999999999
-1.4775e7	0.0014146999999999999
-1.4725e7	0.0014579999999999999
-1.4675e7	0.0015041999999999998
-1.4625e7	0.0015530999999999997
-1.4575e7	0.0016038999999999997
-1.4525e7	0.0016569999999999996
-1.4475e7	0.0017098999999999997
-1.4425e7	0.0017643999999999997
-1.4375e7	0.0018216999999999997
-1.4325e7	0.0018822999999999997
-1.4275e7	0.0019413999999999998
-1.4225e7	0.0020080999999999996
-1.4175e7	0.0020731999999999994
-1.4125e7	0.0021375999999999995
-1.4075e7	0.0022066999999999994
-1.4025e7	0.0022810999999999994
-1.3975e7	0.0023561999999999993
-1.3925e7	0.0024303999999999992
-1.3875e7	0.0025080999999999992
-1.3825e7	0.0025829999999999994
-1.3775e7	0.0026644999999999993
-1.3725e7	0.0027524999999999993
-1.3675e7	0.0028342999999999992
-1.3625e7	0.002918799999999999
-1.3575e7	0.003010899999999999
-1.3525e7	0.003102899999999999
-1.3475e7	0.003198699999999999
-1.3425e7	0.0033028999999999992
-1.3375e7	0.003406899999999999
-1.3325e7	0.003503899999999999
-1.3275e7	0.003610499999999999
-1.3225e7	0.0037199999999999993
-1.3175e7	0.0038314999999999994
-1.3125e7	0.0039421
-1.3075e7	0.0040566
-1.3025e7	0.0041811999999999995
-1.2975e7	0.004309599999999999
-1.2925e7	0.004440199999999999
-1.2875e7	0.004564799999999999
-1.2825e7	0.004700199999999999
-1.2775e7	0.004842999999999999
-1.2725e7	0.004981599999999999
-1.2675e7	0.0051218999999999995
-1.2625e7	0.0052726
-1.2575e7	0.0054253999999999995
-1.2525e7	0.005581099999999999
-1.2475e7	0.005730999999999999
-1.2425e7	0.005900899999999999
-1.2375e7	0.006069299999999999
-1.2325e7	0.006238399999999999
-1.2275e7	0.006416299999999999
-1.2225e7	0.006602099999999999
-1.2175e7	0.006779699999999999
-1.2125e7	0.006974799999999999
-1.2075e7	0.007177999999999999
-1.2025e7	0.007380399999999999
-1.1975e7	0.007592999999999999
-1.1925e7	0.007801999999999999
-1.1875e7	0.0080255
-1.1825e7	0.008248799999999999
-1.1775e7	0.008469099999999999
-1.1725e7	0.008699299999999998
-1.1675e7	0.008931999999999999
-1.1625e7	0.009173599999999999
-1.1575e7	0.009419299999999999
-1.1525e7	0.009670299999999998
-1.1475e7	0.009926799999999998
-1.1425e7	0.010203999999999998
-1.1375e7	0.010469099999999999
-1.1325e7	0.010748299999999999
-1.1275e7	0.011043599999999999
-1.1225e7	0.011338699999999998
-1.1175e7	0.011634799999999999
-1.1125e7	0.011945899999999999
-1.1075e7	0.012247899999999999
-1.1025e7	0.012570099999999999
-1.0975e7	0.012901399999999999
-1.0925e7	0.013236199999999998
-1.0875e7	0.013572499999999998
-1.0825e7	0.013925099999999998
-1.0775e7	0.014277099999999997
-1.0725e7	0.014641299999999998
-1.0675e7	0.015013799999999997
-1.0625e7	0.015390499999999998
-1.0575e7	0.0157782
-1.0525e7	0.0161744
-1.0475e7	0.0165826
-1.0425e7	0.017000499999999998
-1.0375e7	0.017427799999999997
-1.0325e7	0.017862799999999998
-1.0275e7	0.0183019
-1.0225e7	0.0187493
-1.0175e7	0.0191998
-1.0125e7	0.019666799999999998
-1.0075e7	0.0201481
-1.0025e7	0.0206328
-9.975e6	0.0211288
-9.925e6	0.0216402
-9.875e6	0.0221636
-9.825e6	0.022684799999999998
-9.775e6	0.023249199999999998
-9.725e6	0.023793799999999997
-9.675e6	0.024341899999999996
-9.625e6	0.024904099999999995
-9.575e6	0.025486899999999996
-9.525e6	0.026076399999999996
-9.475e6	0.026678999999999994
-9.425e6	0.027295999999999994
-9.375e6	0.027921999999999995
-9.325e6	0.028562399999999995
-9.275e6	0.029194999999999995
-9.225e6	0.029868399999999996
-9.175e6	0.030554099999999997
-9.125e6	0.0312526
-9.075e6	0.0319543
-9.025e6	0.032671099999999995
-8.975e6	0.033401299999999995
-8.925e6	0.034131499999999995
-8.875e6	0.0349052
-8.825e6	0.0356907
-8.775e6	0.03649
-8.725e6	0.037281800000000004
-8.675e6	0.0381043
-8.625e6	0.0389259
-8.575e6	0.0397564
-8.525e6	0.040608099999999994
-8.475e6	0.04147479999999999
-8.425e6	0.04236849999999999
-8.375e6	0.04329549999999999
-8.325e6	0.04422149999999999
-8.275e6	0.04515159999999999
-8.225e6	0.04610879999999999
-8.175e6	0.04708999999999999
-8.125e6	0.048070199999999993
-8.075e6	0.04907809999999999
-8.025e6	0.050090199999999994
-7.975e6	0.05110479999999999
-7.925e6	0.052177499999999995
-7.875e6	0.053234
-7.825e6	0.054309199999999995
-7.775e6	0.055412699999999995
-7.725e6	0.0565216
-7.675e6	0.0576503
-7.625e6	0.058808200000000005
-7.575e6	0.059985500000000004
-7.525e6	0.061188200000000005
-7.475e6	0.062401700000000004
-7.425e6	0.0636507
-7.375e6	0.06489740000000001
-7.325e6	0.06617500000000001
-7.275e6	0.06746660000000002
-7.225e6	0.06877300000000001
-7.175e6	0.07011170000000001
-7.125e6	0.07146900000000002
-7.075e6	0.07282500000000001
-7.025e6	0.07422610000000002
-6.975e6	0.07562680000000002
-6.925e6	0.07706400000000002
-6.875e6	0.07849150000000002
-6.825e6	0.07995710000000002
-6.775e6	0.08143070000000002
-6.725e6	0.08294010000000002
-6.675e6	0.08447750000000001
-6.625e6	0.0860101
-6.575e6	0.08757640000000001
-6.525e6	0.08916130000000001
-6.475e6	0.0907696
-6.425e6	0.0924142
-6.375e6	0.0940535
-6.325e6	0.09573
-6.275e6	0.0974183
-6.225e6	0.0991321
-6.175e6	0.1008662
-6.125e6	0.1026368
-6.075e6	0.1044073
-6.025e6	0.10621069999999999
-5.975e6	0.1080424
-5.925e6	0.10992149999999999
-5.875e6	0.11179889999999999
-5.825e6	0.1136847
-5.775e6	0.1156066
-5.725e6	0.1175674
-5.675e6	0.1195355
-5.625e6	0.1215302
-5.575e6	0.1235326
-5.525e6	0.125559
-5.475e6	0.1275872
-5.425e6	0.12966380000000002
-5.375e6	0.13177030000000003
-5.325e6	0.13388850000000002
-5.275e6	0.13602360000000002
-5.225e6	0.13819260000000003
-5.175e6	0.14038640000000002
-5.125e6	0.14262940000000002
-5.075e6	0.14485950000000003
-5.025e6	0.14713370000000003
-4.975e6	0.14942870000000003
-4.925e6	0.15173330000000002
-4.875e6	0.1540977
-4.825e6	0.1564496
-4.775e6	0.15883139999999998
-4.725e6	0.1612602
-4.675e6	0.1636928
-4.625e6	0.1661653
-4.575e6	0.16862829999999998
-4.525e6	0.17113949999999997
-4.475e6	0.17365379999999997
-4.425e6	0.17621949999999997
-4.375e6	0.17879049999999996
-4.325e6	0.18139189999999997
-4.275e6	0.18401579999999998
-4.225e6	0.18666989999999997
-4.175e6	0.18933559999999997
-4.125e6	0.19201969999999996
-4.075e6	0.19473999999999997
-4.025e6	0.19747519999999996
-3.975e6	0.20023569999999996
-3.925e6	0.20301059999999996
-3.875e6	0.20585459999999997
-3.825e6	0.20866669999999998
-3.775e6	0.21151079999999997
-3.725e6	0.21437799999999996
-3.675e6	0.21727019999999997
-3.625e6	0.22020639999999997
-3.575e6	0.22314949999999997
-3.525e6	0.22609399999999996
-3.475e6	0.22907569999999997
-3.425e6	0.23211789999999996
-3.375e6	0.23511479999999996
-3.325e6	0.23815089999999997
-3.275e6	0.24120289999999997
-3.225e6	0.24429339999999997
-3.175e6	0.24739329999999995
-3.125e6	0.25052649999999993
-3.075e6	0.2536606999999999
-3.025e6	0.2568091999999999
-2.975e6	0.2599872999999999
-2.925e6	0.2631820999999999
-2.875e6	0.26639909999999994
-2.825e6	0.26966179999999995
-2.775e6	0.27294109999999994
-2.725e6	0.2762298999999999
-2.675e6	0.27950819999999993
-2.625e6	0.28282679999999993
-2.575e6	0.2861752999999999
-2.525e6	0.2895607999999999
-2.475e6	0.29293429999999987
-2.425e6	0.29635489999999987
-2.375e6	0.29974799999999985
-2.325e6	0.30316449999999984
-2.275e6	0.3066442999999998
-2.225e6	0.3101289999999998
-2.175e6	0.3136288999999998
-2.125e6	0.3171305999999998
-2.075e6	0.32065239999999984
-2.025e6	0.32421299999999986
-1.975e6	0.3277770999999999
-1.925e6	0.3313718999999999
-1.875e6	0.3349716999999999
-1.825e6	0.33857129999999985
-1.775e6	0.34218629999999983
-1.725e6	0.34582379999999985
-1.675e6	0.34943969999999985
-1.625e6	0.35306159999999986
-1.575e6	0.35676349999999984
-1.525e6	0.3604245999999999
-1.475e6	0.3641255999999999
-1.425e6	0.3678211999999999
-1.375e6	0.3715098999999999
-1.325e6	0.3752466999999999
-1.275e6	0.37898189999999987
-1.225e6	0.38272219999999985
-1.175e6	0.38650199999999985
-1.125e6	0.39026409999999984
-1.075e6	0.39405619999999986
-1.025e6	0.39784929999999985
-975000.0	0.40162489999999984
-925000.0	0.40547809999999984
-875000.0	0.40932369999999985
-825000.0	0.41315709999999983
-775000.0	0.4170058999999998
-725000.0	0.42086159999999984
-675000.0	0.4247080999999998
-625000.0	0.4286037999999998
-575000.0	0.4325028999999998
-525000.0	0.4363435999999998
-475000.0	0.44019399999999975
-425000.0	0.44405829999999974
-375000.0	0.44794899999999976
-325000.0	0.45181859999999974
-275000.0	0.45569909999999975
-225000.0	0.45960789999999974
-175000.0	0.46353289999999975
-125000.0	0.46743769999999973
-75000.0	0.47135879999999974
-25000.0	0.47524949999999977
25000.0	0.47916349999999974
75000.0	0.48308769999999973
125000.0	0.48698959999999974
175000.0	0.49093379999999975
225000.0	0.49485599999999974
275000.0	0.49875579999999975
325000.0	0.5026851999999997
375000.0	0.5065748999999997
425000.0	0.5104670999999997
475000.0	0.5143889999999998
525000.0	0.5182656999999997
575000.0	0.5221826999999997
625000.0	0.5260948999999997
675000.0	0.5299742999999997
725000.0	0.5338671999999997
775000.0	0.5377248999999996
825000.0	0.5416334999999997
875000.0	0.5455321999999997
925000.0	0.5494081999999997
975000.0	0.5532643999999997
1.025e6	0.5570855999999996
1.075e6	0.5609780999999996
1.125e6	0.5647989999999996
1.175e6	0.5686676999999996
1.225e6	0.5724957999999996
1.275e6	0.5763427999999996
1.325e6	0.5801295999999996
1.375e6	0.5839584999999996
1.425e6	0.5877598999999996
1.475e6	0.5915588999999996
1.525e6	0.5953389999999995
1.575e6	0.5991299999999995
1.625e6	0.6029227999999995
1.675e6	0.6067063999999995
1.725e6	0.6104506999999996
1.775e6	0.6141913999999996
1.825e6	0.6179380999999996
1.875e6	0.6216972999999996
1.925e6	0.6254411999999996
1.975e6	0.6291404999999995
2.025e6	0.6328371999999995
2.075e6	0.6365280999999996
2.125e6	0.6402082999999996
2.175e6	0.6438589999999996
2.225e6	0.6474658999999996
2.275e6	0.6510681999999995
2.325e6	0.6546593999999996
2.375e6	0.6582704999999995
2.425e6	0.6618680999999995
2.475e6	0.6654330999999996
2.525e6	0.6689618999999996
2.575e6	0.6724929999999996
2.625e6	0.6760098999999996
2.675e6	0.6795227999999996
2.725e6	0.6830011999999996
2.775e6	0.6864474999999997
2.825e6	0.6898797999999997
2.875e6	0.6932927999999997
2.925e6	0.6967211999999997
2.975e6	0.7001523999999997
3.025e6	0.7034797999999997
3.075e6	0.7068639999999996
3.125e6	0.7101705999999997
3.175e6	0.7135110999999996
3.225e6	0.7168273999999997
3.275e6	0.7201314999999997
3.325e6	0.7234322999999997
3.375e6	0.7266666999999997
3.425e6	0.7299087999999997
3.475e6	0.7331289999999997
3.525e6	0.7363157999999997
3.575e6	0.7394998999999998
3.625e6	0.7426542999999998
3.675e6	0.7458006999999998
3.725e6	0.7488905999999997
3.775e6	0.7519649999999998
3.825e6	0.7550484999999998
3.875e6	0.7581024999999998
3.925e6	0.7611081999999998
3.975e6	0.7641133999999998
4.025e6	0.7670800999999998
4.075e6	0.7700599999999999
4.125e6	0.7729892999999999
4.175e6	0.7759181999999999
4.225e6	0.7788365999999999
4.275e6	0.7817330999999998
4.325e6	0.7845849999999999
4.375e6	0.7874289999999998
4.425e6	0.7902474999999998
4.475e6	0.7930567999999998
4.525e6	0.7958247999999998
4.575e6	0.7985850999999998
4.625e6	0.8012955999999998
4.675e6	0.8039953999999998
4.725e6	0.8067075999999999
4.775e6	0.8093700999999999
4.825e6	0.8120055999999999
4.875e6	0.8146374999999999
4.925e6	0.8172075999999999
4.975e6	0.8197595999999999
5.025e6	0.8222917999999999
5.075e6	0.8248146
5.125e6	0.8273299999999999
5.175e6	0.8298111999999999
5.225e6	0.8322543999999998
5.275e6	0.8346975999999998
5.325e6	0.8371132999999998
5.375e6	0.8394897999999998
5.425e6	0.8418466999999998
5.475e6	0.8441742999999998
5.525e6	0.8464915999999998
5.575e6	0.8487809999999998
5.625e6	0.8510330999999998
5.675e6	0.8532752999999997
5.725e6	0.8554993999999997
5.775e6	0.8576814999999997
5.825e6	0.8598432999999996
5.875e6	0.8620108999999997
5.925e6	0.8641542999999997
5.975e6	0.8662555999999997
6.025e6	0.8683469999999996
6.075e6	0.8703994999999997
6.125e6	0.8724529999999997
6.175e6	0.8744824999999997
6.225e6	0.8764818999999997
6.275e6	0.8784388999999997
6.325e6	0.8803797999999997
6.375e6	0.8823049999999997
6.425e6	0.8841859999999997
6.475e6	0.8860605999999996
6.525e6	0.8879097999999996
6.575e6	0.8897468999999997
6.625e6	0.8915898999999997
6.675e6	0.8933397999999997
6.725e6	0.8951173999999997
6.775e6	0.8968859999999997
6.825e6	0.8986230999999998
6.875e6	0.9003583999999998
6.925e6	0.9020320999999998
6.975e6	0.9037126999999998
7.025e6	0.9053424999999998
7.075e6	0.9069660999999998
7.125e6	0.9085823999999998
7.175e6	0.9101520999999998
7.225e6	0.9117085999999998
7.275e6	0.9132659999999998
7.325e6	0.9147857999999998
7.375e6	0.9162991999999998
7.425e6	0.9177690999999998
7.475e6	0.9192305999999998
7.525e6	0.9206606999999998
7.575e6	0.9220902999999998
7.625e6	0.9235052999999999
7.675e6	0.9248875999999998
7.725e6	0.9262454999999998
7.775e6	0.9275829999999998
7.825e6	0.9289009999999999
7.875e6	0.9302027999999999
7.925e6	0.9314898999999999
7.975e6	0.9327516999999999
8.025e6	0.9340044999999999
8.075e6	0.9352405999999999
8.125e6	0.9364517999999998
8.175e6	0.9376496999999998
8.225e6	0.9388193999999999
8.275e6	0.9399903999999999
8.325e6	0.9411227999999999
8.375e6	0.9422242
8.425e6	0.9433402999999999
8.475e6	0.9444560999999999
8.525e6	0.9455359999999999
8.575e6	0.9465906
8.625e6	0.9476173
8.675e6	0.9486275
8.725e6	0.9496426
8.775e6	0.9506262
8.825e6	0.9516198
8.875e6	0.9525812
8.925e6	0.9535234
8.975e6	0.9544424
9.025e6	0.9553510000000001
9.075e6	0.9562585
9.125e6	0.9571532
9.175e6	0.9580266000000001
9.225e6	0.9588747000000001
9.275e6	0.9597156000000001
9.325e6	0.9605213000000001
9.375e6	0.9613412000000001
9.425e6	0.9621328000000001
9.475e6	0.9629167000000001
9.525e6	0.9636920000000001
9.575e6	0.9644440000000001
9.625e6	0.965184
9.675e6	0.9659225
9.725e6	0.966637
9.775e6	0.9673435
9.825e6	0.9680460000000001
9.875e6	0.9687180000000001
9.925e6	0.9693891000000001
9.975e6	0.9700526000000002
1.0025e7	0.9706996000000001
1.0075e7	0.9713242000000001
1.0125e7	0.9719470000000001
1.0175e7	0.9725600000000001
1.0225e7	0.9731575000000001
1.0275e7	0.9737458000000001
1.0325e7	0.9743039000000001
1.0375e7	0.9748689000000001
1.0425e7	0.9754138000000001
1.0475e7	0.9759578000000001
1.0525e7	0.9764910000000001
1.0575e7	0.9770158000000001
1.0625e7	0.9775225000000001
1.0675e7	0.9780375000000001
1.0725e7	0.9785352000000002
1.0775e7	0.9790369000000002
1.0825e7	0.9795092000000002
1.0875e7	0.9799966000000002
1.0925e7	0.9804699000000002
1.0975e7	0.9809205000000002
1.1025e7	0.9813583000000002
1.1075e7	0.9818001000000003
1.1125e7	0.9822212000000002
1.1175e7	0.9826504000000003
1.1225e7	0.9830595000000003
1.1275e7	0.9834583000000003
1.1325e7	0.9838440000000004
1.1375e7	0.9842316000000004
1.1425e7	0.9846117000000004
1.1475e7	0.9849866000000004
1.1525e7	0.9853581000000003
1.1575e7	0.9857105000000004
1.1625e7	0.9860466000000003
1.1675e7	0.9863866000000003
1.1725e7	0.9867095000000004
1.1775e7	0.9870338000000004
1.1825e7	0.9873644000000004
1.1875e7	0.9876751000000004
1.1925e7	0.9879808000000003
1.1975e7	0.9882759000000003
1.2025e7	0.9885752000000003
1.2075e7	0.9888569000000004
1.2125e7	0.9891305000000004
1.2175e7	0.9894037000000003
1.2225e7	0.9896671000000004
1.2275e7	0.9899143000000004
1.2325e7	0.9901722000000004
1.2375e7	0.9904162000000004
1.2425e7	0.9906623000000004
1.2475e7	0.9908954000000004
1.2525e7	0.9911244000000005
1.2575e7	0.9913565000000004
1.2625e7	0.9915836000000005
1.2675e7	0.9917970000000005
1.2725e7	0.9920057000000004
1.2775e7	0.9922119000000005
1.2825e7	0.9924101000000005
1.2875e7	0.9925966000000005
1.2925e7	0.9927926000000005
1.2975e7	0.9929897000000004
1.3025e7	0.9931725000000005
1.3075e7	0.9933471000000005
1.3125e7	0.9935228000000005
1.3175e7	0.9937015000000005
1.3225e7	0.9938659000000004
1.3275e7	0.9940293000000004
1.3325e7	0.9941880000000004
1.3375e7	0.9943402000000005
1.3425e7	0.9944898000000004
1.3475e7	0.9946288000000004
1.3525e7	0.9947767000000004
1.3575e7	0.9949168000000004
1.3625e7	0.9950503000000004
1.3675e7	0.9951838000000004
1.3725e7	0.9953219000000004
1.3775e7	0.9954472000000004
1.3825e7	0.9955698000000004
1.3875e7	0.9956888000000004
1.3925e7	0.9958078000000004
1.3975e7	0.9959218000000003
1.4025e7	0.9960338000000003
1.4075e7	0.9961438000000004
1.4125e7	0.9962437000000004
1.4175e7	0.9963484000000004
1.4225e7	0.9964470000000003
1.4275e7	0.9965498000000003
1.4325e7	0.9966469000000002
1.4375e7	0.9967467000000002
1.4425e7	0.9968386000000002
1.4475e7	0.9969334000000002
1.4525e7	0.9970198000000002
1.4575e7	0.9971001000000003
1.4625e7	0.9971806000000003
1.4675e7	0.9972584000000003
1.4725e7	0.9973353000000004
1.4775e7	0.9974154000000004
1.4825e7	0.9974946000000003
1.4875e7	0.9975667000000004
1.4925e7	0.9976392000000004
1.4975e7	0.9977096000000004
1.5025e7	0.9977742000000004
1.5075e7	0.9978413000000004
1.5125e7	0.9979057000000003
1.5175e7	0.9979669000000003
1.5225e7	0.9980239000000003
1.5275e7	0.9980819000000003
1.5325e7	0.9981425000000003
1.5375e7	0.9981996000000003
1.5425e7	0.9982490000000003
1.5475e7	0.9983005000000003
1.5525e7	0.9983491000000002
1.5575e7	0.9983940000000002
1.5625e7	0.9984390000000002
1.5675e7	0.9984882000000002
1.5725e7	0.9985336000000001
1.5775e7	0.9985807000000001
1.5825e7	0.9986259000000001
1.5875e7	0.9986645000000001
1.5925e7	0.998704
1.5975e7	0.9987441
1.6025e7	0.9987818
1.6075e7	0.9988198
1.6125e7	0.9988575000000001
1.6175e7	0.9988925000000001
1.6225e7	0.9989257
1.6275e7	0.9989583000000001
1.6325e7	0.9989922000000001
1.6375e7	0.9990241000000001
1.6425e7	0.9990543000000001
1.6475e7	0.9990838000000001
1.6525e7	0.9991129000000001
1.6575e7	0.9991419
1.6625e7	0.9991706
1.6675e7	0.9991984
1.6725e7	0.999222
1.6775e7	0.9992459
1.6825e7	0.9992691
1.6875e7	0.9992912
1.6925e7	0.999314
1.6975e7	0.9993381
1.7025e7	0.9993598
1.7075e7	0.9993806000000001
1.7125e7	0.9994014000000001
1.7175e7	0.9994201000000001
1.7225e7	0.9994387000000001
1.7275e7	0.9994585000000001
1.7325e7	0.9994744000000001
1.7375e7	0.9994888000000001
1.7425e7	0.9995042000000001
1.7475e7	0.9995201
1.7525e7	0.9995352000000001
1.7575e7	0.9995509
1.7625e7	0.9995637
1.7675e7	0.9995776000000001
1.7725e7	0.9995910000000001
1.7775e7	0.9996050000000001
1.7825e7	0.9996170000000001
1.7875e7	0.9996301000000001
1.7925e7	0.9996425000000001
1.7975e7	0.9996552000000001
1.8025e7	0.9996671
1.8075e7	0.9996774
1.8125e7	0.9996895
1.8175e7	0.9997001
1.8225e7	0.9997104
1.8275e7	0.9997216
1.8325e7	0.9997317
1.8375e7	0.999742
1.8425e7	0.9997518
1.8475e7	0.999761
1.8525e7	0.9997712
1.8575e7	0.9997782
1.8625e7	0.9997853
1.8675e7	0.9997924
1.8725e7	0.9997996
1.8775e7	0.999807
1.8825e7	0.9998137
1.8875e7	0.999819
1.8925e7	0.9998246000000001
1.8975e7	0.9998303000000001
1.9025e7	0.9998365
1.9075e7	0.9998431
1.9125e7	0.9998476
1.9175e7	0.9998524999999999
1.9225e7	0.9998566999999999
1.9275e7	0.9998615
1.9325e7	0.9998672999999999
1.9375e7	0.9998725999999999
1.9425e7	0.9998774999999999
1.9475e7	0.9998813999999998
1.9525e7	0.9998845999999998
1.9575e7	0.9998891999999998
1.9625e7	0.9998934999999998
1.9675e7	0.9998979999999997
1.9725e7	0.9999018999999997
1.9775e7	0.9999050999999997
1.9825e7	0.9999081999999997
1.9875e7	0.9999110999999997
1.9925e7	0.9999133999999997
1.9975e7	0.9999157999999997
2.0025e7	0.9999181999999996
2.0075e7	0.9999208999999997
2.0125e7	0.9999245999999997
2.0175e7	0.9999267999999997
2.0225e7	0.9999292999999997
2.0275e7	0.9999325999999997
2.0325e7	0.9999354999999998
2.0375e7	0.9999384999999997
2.0425e7	0.9999411999999998
2.0475e7	0.9999431999999997
2.0525e7	0.9999452999999997
2.0575e7	0.9999475999999997
2.0625e7	0.9999496999999997
2.0675e7	0.9999512999999998
2.0725e7	0.9999547999999998
2.0775e7	0.9999568999999998
2.0825e7	0.9999586999999999
2.0875e7	0.9999601999999999
2.0925e7	0.9999617999999999
2.0975e7	0.9999634
2.1025e7	0.9999646999999999
2.1075e7	0.9999667999999999
2.1125e7	0.9999686
2.1175e7	0.9999698
2.1225e7	0.9999711
2.1275e7	0.9999727
2.1325e7	0.9999731000000001
2.1375e7	0.999974
2.1425e7	0.9999752000000001
2.1475e7	0.9999766000000001
2.1525e7	0.9999772000000001
2.1575e7	0.9999786000000002
2.1625e7	0.9999789000000001
2.1675e7	0.9999798000000001
2.1725e7	0.9999807000000001
2.1775e7	0.9999812
2.1825e7	0.9999822
2.1875e7	0.9999828000000001
2.1925e7	0.9999831
2.1975e7	0.9999839
2.2025e7	0.9999844
2.2075e7	0.9999854
2.2125e7	0.9999861
2.2175e7	0.9999869
2.2225e7	0.9999872
2.2275e7	0.9999874999999999
2.2325e7	0.9999880999999999
2.2375e7	0.9999883999999999
2.2425e7	0.9999890999999999
2.2475e7	0.9999894999999999
2.2525e7	0.9999902999999999
2.2575e7	0.9999904999999999
2.2625e7	0.9999904999999999
2.2675e7	0.9999906999999999
2.2725e7	0.9999910999999999
2.2775e7	0.9999916999999999
2.2825e7	0.9999921999999999
2.2875e7	0.9999922999999998
2.2925e7	0.9999925999999998
2.2975e7	0.9999928999999997
2.3025e7	0.9999934999999998
2.3075e7	0.9999940999999998
2.3125e7	0.9999945999999997
2.3175e7	0.9999946999999997
2.3225e7	0.9999948999999997
2.3275e7	0.9999950999999997
2.3325e7	0.9999954999999997
2.3375e7	0.9999955999999997
2.3425e7	0.9999960999999996
2.3475e7	0.9999960999999996
2.3525e7	0.9999961999999996
2.3575e7	0.9999964999999995
2.3625e7	0.9999964999999995
2.3675e7	0.9999966999999995
2.3725e7	0.9999967999999995
2.3775e7	0.9999968999999994
2.3825e7	0.9999968999999994
2.3875e7	0.9999970999999994
2.3925e7	0.9999970999999994
2.3975e7	0.9999970999999994
2.4025e7	0.9999971999999994
2.4075e7	0.9999971999999994
2.4125e7	0.9999973999999994
2.4175e7	0.9999974999999993
2.4225e7	0.9999975999999993
2.4275e7	0.9999977999999993
2.4325e7	0.9999978999999992
2.4375e7	0.9999979999999992
2.4425e7	0.9999979999999992
2.4475e7	0.9999979999999992
2.4525e7	0.9999981999999992
2.4575e7	0.9999983999999992
2.4625e7	0.9999984999999991
2.4675e7	0.9999986999999991
2.4725e7	0.9999986999999991
2.4775e7	0.9999986999999991
2.4825e7	0.9999986999999991
2.4875e7	0.9999986999999991
2.4925e7	0.9999986999999991
2.4975e7	0.9999986999999991
2.5025e7	0.9999986999999991
2.5075e7	0.9999986999999991
2.5125e7	0.9999986999999991
2.5175e7	0.9999987999999991
2.5225e7	0.9999987999999991
2.5275e7	0.999998899999999
2.5325e7	0.999998899999999
2.5375e7	0.999998999999999
2.5425e7	0.999998999999999
2.5475e7	0.9999990999999989
2.5525e7	0.9999990999999989
2.5575e7	0.9999991999999989
2.5625e7	0.9999991999999989
2.5675e7	0.9999993999999989
2.5725e7	0.9999993999999989
2.5775e7	0.9999993999999989
2.5825e7	0.9999993999999989
2.5875e7	0.9999993999999989
2.5925e7	0.9999993999999989
2.5975e7	0.9999994999999988
2.6025e7	0.9999996999999988
2.6075e7	0.9999996999999988
2.6125e7	0.9999996999999988
2.6175e7	0.9999997999999988
2.6225e7	0.9999997999999988
2.6275e7	0.9999998999999987
2.6325e7	0.9999998999999987
2.6375e7	0.9999998999999987
2.6425e7	0.9999998999999987
2.6475e7	0.9999998999999987
2.6525e7	0.9999998999999987
2.6575e7	0.9999998999999987
2.6625e7	0.9999998999999987
2.6675e7	0.9999998999999987
2.6725e7	0.9999998999999987
2.6775e7	0.9999999999999987
