x	y
-417500.0	2.0e-9
-412500.0	0.0
-407500.0	0.0
-402500.0	0.0
-397500.0	0.0
-392500.0	0.0
-387500.0	0.0
-382500.0	0.0
-377500.0	2.0e-9
-372500.0	0.0
-367500.0	0.0
-362500.0	0.0
-357500.0	0.0
-352500.0	0.0
-347500.0	0.0
-342500.0	0.0
-337500.0	0.0
-332500.0	0.0
-327500.0	0.0
-322500.0	0.0
-317500.0	2.0e-9
-312500.0	0.0
-307500.0	0.0
-302500.0	0.0
-297500.0	0.0
-292500.0	0.0
-287500.0	2.0e-9
-282500.0	0.0
-277500.0	0.0
-272500.0	0.0
-267500.0	0.0
-262500.0	0.0
-257500.0	0.0
-252500.0	2.0e-9
-247500.0	0.0
-242500.0	2.0e-9
-237500.0	0.0
-232500.0	0.0
-227500.0	0.0
-222500.0	0.0
-217500.0	2.0e-9
-212500.0	4.0e-9
-207500.0	0.0
-202500.0	6.0e-9
-197500.0	0.0
-192500.0	6.0e-9
-187500.0	6.0e-9
-182500.0	0.0
-177500.0	6.0e-9
-172500.0	0.0
-167500.0	4.0e-9
-162500.0	2.0e-9
-157500.0	0.0
-152500.0	4.0e-9
-147500.0	8.0e-9
-142500.0	6.0e-9
-137500.0	4.0e-9
-132500.0	1.0e-8
-127500.0	4.0e-9
-122500.0	0.0
-117500.0	6.0e-9
-112500.0	6.0e-9
-107500.0	1.2e-8
-102500.0	1.0e-8
-97500.0	0.0
-92500.0	8.0e-9
-87500.0	6.0e-9
-82500.0	6.0e-9
-77500.0	2.0e-9
-72500.0	1.6e-8
-67500.0	8.0e-9
-62500.0	2.4e-8
-57500.0	1.6e-8
-52500.0	8.0e-9
-47500.0	4.0e-9
-42500.0	1.2e-8
-37500.0	2.4e-8
-32500.0	2.0e-8
-27500.0	1.2e-8
-22500.0	8.0e-9
-17500.0	2.0e-8
-12500.0	2.2e-8
-7500.0	3.0e-8
-2500.0	1.6e-8
2500.0	2.4e-8
7500.0	2.4e-8
12500.0	2.8e-8
17500.0	3.4e-8
22500.0	3.0e-8
27500.0	2.8e-8
32500.0	3.0e-8
37500.0	4.8e-8
42500.0	1.6e-8
47500.0	3.6e-8
52500.0	4.0e-8
57500.0	5.2e-8
62500.0	4.8e-8
67500.0	4.4e-8
72500.0	3.2e-8
77500.0	6.4e-8
82500.0	7.2e-8
87500.0	4.6e-8
92500.0	6.0e-8
97500.0	6.6e-8
102500.0	6.6e-8
107500.0	9.6e-8
112500.0	6.4e-8
117500.0	8.4e-8
122500.0	8.6e-8
127500.0	7.8e-8
132500.0	1.08e-7
137500.0	7.4e-8
142500.0	1.14e-7
147500.0	1.2e-7
152500.0	1.18e-7
157500.0	1.1e-7
162500.0	1.2e-7
167500.0	1.16e-7
172500.0	1.0e-7
177500.0	1.08e-7
182500.0	1.28e-7
187500.0	1.24e-7
192500.0	1.54e-7
197500.0	1.28e-7
202500.0	1.48e-7
207500.0	1.62e-7
212500.0	1.68e-7
217500.0	1.54e-7
222500.0	2.02e-7
227500.0	2.4e-7
232500.0	2.04e-7
237500.0	1.74e-7
242500.0	2.0e-7
247500.0	2.16e-7
252500.0	2.24e-7
257500.0	2.22e-7
262500.0	2.54e-7
267500.0	2.5e-7
272500.0	2.56e-7
277500.0	3.16e-7
282500.0	2.52e-7
287500.0	2.96e-7
292500.0	2.58e-7
297500.0	3.58e-7
302500.0	3.06e-7
307500.0	3.66e-7
312500.0	3.9e-7
317500.0	3.62e-7
322500.0	3.96e-7
327500.0	4.16e-7
332500.0	4.3e-7
337500.0	4.42e-7
342500.0	4.32e-7
347500.0	4.86e-7
352500.0	4.86e-7
357500.0	4.32e-7
362500.0	4.34e-7
367500.0	5.08e-7
372500.0	5.4e-7
377500.0	5.16e-7
382500.0	5.18e-7
387500.0	5.72e-7
392500.0	5.6e-7
397500.0	5.66e-7
402500.0	6.06e-7
407500.0	5.7e-7
412500.0	5.42e-7
417500.0	6.18e-7
422500.0	6.46e-7
427500.0	6.96e-7
432500.0	6.76e-7
437500.0	6.52e-7
442500.0	6.72e-7
447500.0	7.82e-7
452500.0	7.54e-7
457500.0	7.02e-7
462500.0	7.66e-7
467500.0	7.26e-7
472500.0	8.04e-7
477500.0	8.72e-7
482500.0	8.6e-7
487500.0	9.16e-7
492500.0	9.0e-7
497500.0	8.94e-7
502500.0	8.86e-7
507500.0	9.24e-7
512500.0	9.1e-7
517500.0	9.4e-7
522500.0	9.12e-7
527500.0	9.26e-7
532500.0	9.2e-7
537500.0	9.34e-7
542500.0	9.86e-7
547500.0	9.52e-7
552500.0	9.24e-7
557500.0	9.94e-7
562500.0	9.64e-7
567500.0	9.98e-7
572500.0	1.064e-6
577500.0	1.07e-6
582500.0	1.008e-6
587500.0	1.088e-6
592500.0	1.106e-6
597500.0	1.132e-6
602500.0	1.122e-6
607500.0	1.068e-6
612500.0	1.1e-6
617500.0	1.156e-6
622500.0	1.236e-6
627500.0	1.186e-6
632500.0	1.21e-6
637500.0	1.164e-6
642500.0	1.276e-6
647500.0	1.276e-6
652500.0	1.16e-6
657500.0	1.198e-6
662500.0	1.268e-6
667500.0	1.322e-6
672500.0	1.17e-6
677500.0	1.224e-6
682500.0	1.212e-6
687500.0	1.222e-6
692500.0	1.312e-6
697500.0	1.288e-6
702500.0	1.348e-6
707500.0	1.36e-6
712500.0	1.304e-6
717500.0	1.342e-6
722500.0	1.246e-6
727500.0	1.408e-6
732500.0	1.362e-6
737500.0	1.316e-6
742500.0	1.308e-6
747500.0	1.252e-6
752500.0	1.318e-6
757500.0	1.362e-6
762500.0	1.282e-6
767500.0	1.348e-6
772500.0	1.284e-6
777500.0	1.294e-6
782500.0	1.254e-6
787500.0	1.35e-6
792500.0	1.194e-6
797500.0	1.326e-6
802500.0	1.218e-6
807500.0	1.224e-6
812500.0	1.262e-6
817500.0	1.268e-6
822500.0	1.196e-6
827500.0	1.276e-6
832500.0	1.176e-6
837500.0	1.212e-6
842500.0	1.266e-6
847500.0	1.17e-6
852500.0	1.206e-6
857500.0	1.198e-6
862500.0	1.152e-6
867500.0	1.296e-6
872500.0	1.192e-6
877500.0	1.162e-6
882500.0	1.2e-6
887500.0	1.18e-6
892500.0	1.126e-6
897500.0	1.236e-6
902500.0	1.212e-6
907500.0	1.11e-6
912500.0	1.124e-6
917500.0	1.19e-6
922500.0	1.208e-6
927500.0	9.86e-7
932500.0	1.16e-6
937500.0	1.144e-6
942500.0	1.148e-6
947500.0	1.106e-6
952500.0	1.04e-6
957500.0	9.74e-7
962500.0	1.136e-6
967500.0	1.048e-6
972500.0	1.072e-6
977500.0	1.022e-6
982500.0	1.054e-6
987500.0	1.06e-6
992500.0	9.36e-7
997500.0	9.0e-7
1.0025e6	9.78e-7
1.0075e6	9.76e-7
1.0125e6	9.8e-7
1.0175e6	8.9e-7
1.0225e6	9.14e-7
1.0275e6	8.82e-7
1.0325e6	8.76e-7
1.0375e6	9.1e-7
1.0425e6	8.56e-7
1.0475e6	8.0e-7
1.0525e6	8.78e-7
1.0575e6	8.84e-7
1.0625e6	8.78e-7
1.0675e6	8.2e-7
1.0725e6	7.94e-7
1.0775e6	8.0e-7
1.0825e6	7.22e-7
1.0875e6	7.7e-7
1.0925e6	7.52e-7
1.0975e6	7.34e-7
1.1025e6	7.68e-7
1.1075e6	7.28e-7
1.1125e6	6.28e-7
1.1175e6	7.52e-7
1.1225e6	6.66e-7
1.1275e6	6.64e-7
1.1325e6	6.3e-7
1.1375e6	7.36e-7
1.1425e6	6.12e-7
1.1475e6	6.54e-7
1.1525e6	6.38e-7
1.1575e6	6.14e-7
1.1625e6	6.08e-7
1.1675e6	6.3e-7
1.1725e6	5.92e-7
1.1775e6	6.0e-7
1.1825e6	5.62e-7
1.1875e6	5.4e-7
1.1925e6	5.28e-7
1.1975e6	5.46e-7
1.2025e6	5.48e-7
1.2075e6	4.94e-7
1.2125e6	4.7e-7
1.2175e6	4.58e-7
1.2225e6	5.14e-7
1.2275e6	4.84e-7
1.2325e6	4.78e-7
1.2375e6	4.24e-7
1.2425e6	4.3e-7
1.2475e6	3.84e-7
1.2525e6	4.3e-7
1.2575e6	4.04e-7
1.2625e6	4.32e-7
1.2675e6	4.46e-7
1.2725e6	3.7e-7
1.2775e6	3.8e-7
1.2825e6	3.6e-7
1.2875e6	3.78e-7
1.2925e6	3.46e-7
1.2975e6	3.78e-7
1.3025e6	3.84e-7
1.3075e6	3.86e-7
1.3125e6	3.14e-7
1.3175e6	3.4e-7
1.3225e6	3.66e-7
1.3275e6	3.22e-7
1.3325e6	3.12e-7
1.3375e6	2.54e-7
1.3425e6	2.6e-7
1.3475e6	2.96e-7
1.3525e6	2.82e-7
1.3575e6	2.92e-7
1.3625e6	2.86e-7
1.3675e6	2.28e-7
1.3725e6	2.38e-7
1.3775e6	2.94e-7
1.3825e6	2.38e-7
1.3875e6	2.52e-7
1.3925e6	2.1e-7
1.3975e6	2.46e-7
1.4025e6	2.3e-7
1.4075e6	2.18e-7
1.4125e6	1.94e-7
1.4175e6	2.16e-7
1.4225e6	2.14e-7
1.4275e6	1.86e-7
1.4325e6	2.12e-7
1.4375e6	1.54e-7
1.4425e6	2.04e-7
1.4475e6	1.7e-7
1.4525e6	1.64e-7
1.4575e6	1.84e-7
1.4625e6	1.56e-7
1.4675e6	1.8e-7
1.4725e6	1.68e-7
1.4775e6	1.42e-7
1.4825e6	1.74e-7
1.4875e6	1.6e-7
1.4925e6	1.16e-7
1.4975e6	1.54e-7
1.5025e6	1.22e-7
1.5075e6	1.38e-7
1.5125e6	1.02e-7
1.5175e6	1.18e-7
1.5225e6	1.24e-7
1.5275e6	1.2e-7
1.5325e6	1.12e-7
1.5375e6	1.08e-7
1.5425e6	9.2e-8
1.5475e6	1.08e-7
1.5525e6	1.02e-7
1.5575e6	7.2e-8
1.5625e6	9.2e-8
1.5675e6	1.06e-7
1.5725e6	1.14e-7
1.5775e6	8.6e-8
1.5825e6	8.2e-8
1.5875e6	9.8e-8
1.5925e6	6.6e-8
1.5975e6	8.8e-8
1.6025e6	8.8e-8
1.6075e6	8.0e-8
1.6125e6	8.8e-8
1.6175e6	6.6e-8
1.6225e6	5.6e-8
1.6275e6	8.6e-8
1.6325e6	8.0e-8
1.6375e6	6.6e-8
1.6425e6	6.6e-8
1.6475e6	6.0e-8
1.6525e6	4.2e-8
1.6575e6	7.4e-8
1.6625e6	4.6e-8
1.6675e6	4.2e-8
1.6725e6	5.0e-8
1.6775e6	4.8e-8
1.6825e6	5.8e-8
1.6875e6	4.4e-8
1.6925e6	5.6e-8
1.6975e6	6.0e-8
1.7025e6	5.0e-8
1.7075e6	5.4e-8
1.7125e6	3.8e-8
1.7175e6	3.6e-8
1.7225e6	2.8e-8
1.7275e6	3.2e-8
1.7325e6	4.4e-8
1.7375e6	2.4e-8
1.7425e6	5.2e-8
1.7475e6	3.6e-8
1.7525e6	3.4e-8
1.7575e6	2.2e-8
1.7625e6	1.6e-8
1.7675e6	2.4e-8
1.7725e6	2.8e-8
1.7775e6	3.2e-8
1.7825e6	2.6e-8
1.7875e6	2.4e-8
1.7925e6	2.0e-8
1.7975e6	3.2e-8
1.8025e6	2.4e-8
1.8075e6	3.2e-8
1.8125e6	2.2e-8
1.8175e6	1.2e-8
1.8225e6	2.0e-8
1.8275e6	1.4e-8
1.8325e6	1.0e-8
1.8375e6	2.8e-8
1.8425e6	1.0e-8
1.8475e6	8.0e-9
1.8525e6	1.8e-8
1.8575e6	2.0e-8
1.8625e6	1.8e-8
1.8675e6	8.0e-9
1.8725e6	1.8e-8
1.8775e6	1.0e-8
1.8825e6	1.0e-8
1.8875e6	2.2e-8
1.8925e6	1.8e-8
1.8975e6	8.0e-9
1.9025e6	1.4e-8
1.9075e6	4.0e-9
1.9125e6	1.0e-8
1.9175e6	6.0e-9
1.9225e6	1.8e-8
1.9275e6	8.0e-9
1.9325e6	1.2e-8
1.9375e6	1.4e-8
1.9425e6	1.0e-8
1.9475e6	1.4e-8
1.9525e6	1.2e-8
1.9575e6	8.0e-9
1.9625e6	6.0e-9
1.9675e6	1.2e-8
1.9725e6	1.2e-8
1.9775e6	1.0e-8
1.9825e6	4.0e-9
1.9875e6	8.0e-9
1.9925e6	2.0e-9
1.9975e6	6.0e-9
2.0025e6	4.0e-9
2.0075e6	2.0e-9
2.0125e6	8.0e-9
2.0175e6	4.0e-9
2.0225e6	8.0e-9
2.0275e6	1.2e-8
2.0325e6	1.0e-8
2.0375e6	4.0e-9
2.0425e6	4.0e-9
2.0475e6	8.0e-9
2.0525e6	2.0e-9
2.0575e6	2.0e-9
2.0625e6	6.0e-9
2.0675e6	2.0e-9
2.0725e6	0.0
2.0775e6	2.0e-9
2.0825e6	4.0e-9
2.0875e6	2.0e-9
2.0925e6	4.0e-9
2.0975e6	2.0e-9
2.1025e6	2.0e-9
2.1075e6	0.0
2.1125e6	0.0
2.1175e6	4.0e-9
2.1225e6	8.0e-9
2.1275e6	2.0e-9
2.1325e6	0.0
2.1375e6	2.0e-9
2.1425e6	0.0
2.1475e6	8.0e-9
2.1525e6	0.0
2.1575e6	0.0
2.1625e6	2.0e-9
2.1675e6	4.0e-9
2.1725e6	6.0e-9
2.1775e6	0.0
2.1825e6	0.0
2.1875e6	2.0e-9
2.1925e6	0.0
2.1975e6	0.0
2.2025e6	0.0
2.2075e6	2.0e-9
2.2125e6	0.0
2.2175e6	0.0
2.2225e6	0.0
2.2275e6	2.0e-9
2.2325e6	0.0
2.2375e6	2.0e-9
2.2425e6	0.0
2.2475e6	0.0
2.2525e6	0.0
2.2575e6	2.0e-9
2.2625e6	0.0
2.2675e6	0.0
2.2725e6	0.0
2.2775e6	2.0e-9
2.2825e6	0.0
2.2875e6	0.0
2.2925e6	0.0
2.2975e6	0.0
2.3025e6	0.0
2.3075e6	0.0
2.3125e6	4.0e-9
2.3175e6	0.0
2.3225e6	0.0
2.3275e6	0.0
2.3325e6	0.0
2.3375e6	0.0
2.3425e6	0.0
2.3475e6	0.0
2.3525e6	0.0
2.3575e6	0.0
2.3625e6	0.0
2.3675e6	0.0
2.3725e6	0.0
2.3775e6	0.0
2.3825e6	0.0
2.3875e6	0.0
2.3925e6	2.0e-9
2.3975e6	0.0
2.4025e6	2.0e-9
2.4075e6	0.0
2.4125e6	0.0
2.4175e6	0.0
2.4225e6	0.0
2.4275e6	2.0e-9
2.4325e6	0.0
2.4375e6	0.0
2.4425e6	0.0
2.4475e6	0.0
2.4525e6	0.0
2.4575e6	0.0
2.4625e6	0.0
2.4675e6	2.0e-9
