x	y
2.075e6	2.0e-11
2.125e6	0.0
2.175e6	0.0
2.225e6	0.0
2.275e6	0.0
2.325e6	0.0
2.375e6	0.0
2.425e6	2.0e-11
2.475e6	2.0e-11
2.525e6	0.0
2.575e6	0.0
2.625e6	2.0e-11
2.675e6	0.0
2.725e6	2.0e-11
2.775e6	0.0
2.825e6	0.0
2.875e6	0.0
2.925e6	0.0
2.975e6	0.0
3.025e6	0.0
3.075e6	4.0e-11
3.125e6	4.0e-11
3.175e6	0.0
3.225e6	0.0
3.275e6	2.0e-11
3.325e6	0.0
3.375e6	2.0e-11
3.425e6	0.0
3.475e6	0.0
3.525e6	0.0
3.575e6	0.0
3.625e6	0.0
3.675e6	0.0
3.725e6	0.0
3.775e6	0.0
3.825e6	0.0
3.875e6	2.0e-11
3.925e6	2.0e-11
3.975e6	0.0
4.025e6	0.0
4.075e6	0.0
4.125e6	0.0
4.175e6	0.0
4.225e6	0.0
4.275e6	2.0e-11
4.325e6	0.0
4.375e6	4.0e-11
4.425e6	0.0
4.475e6	2.0e-11
4.525e6	2.0e-11
4.575e6	4.0e-11
4.625e6	2.0e-11
4.675e6	4.0e-11
4.725e6	0.0
4.775e6	2.0e-11
4.825e6	2.0e-11
4.875e6	2.0e-11
4.925e6	0.0
4.975e6	0.0
5.025e6	0.0
5.075e6	0.0
5.125e6	2.0e-11
5.175e6	6.0e-11
5.225e6	4.0e-11
5.275e6	2.0e-11
5.325e6	2.0e-11
5.375e6	0.0
5.425e6	2.0e-11
5.475e6	4.0e-11
5.525e6	6.0e-11
5.575e6	6.0e-11
5.625e6	2.0e-11
5.675e6	2.0e-11
5.725e6	4.0e-11
5.775e6	0.0
5.825e6	0.0
5.875e6	4.0e-11
5.925e6	1.0e-10
5.975e6	8.0e-11
6.025e6	4.0e-11
6.075e6	4.0e-11
6.125e6	8.0e-11
6.175e6	6.0e-11
6.225e6	4.0e-11
6.275e6	8.0e-11
6.325e6	4.0e-11
6.375e6	1.2e-10
6.425e6	0.0
6.475e6	1.0e-10
6.525e6	8.0e-11
6.575e6	4.0e-11
6.625e6	1.0e-10
6.675e6	8.0e-11
6.725e6	1.2e-10
6.775e6	1.2e-10
6.825e6	4.0e-11
6.875e6	1.4e-10
6.925e6	6.0e-11
6.975e6	8.0e-11
7.025e6	4.0e-11
7.075e6	1.2e-10
7.125e6	2.0e-10
7.175e6	1.0e-10
7.225e6	6.0e-11
7.275e6	1.2e-10
7.325e6	2.2e-10
7.375e6	1.4e-10
7.425e6	8.0e-11
7.475e6	8.0e-11
7.525e6	8.0e-11
7.575e6	1.8e-10
7.625e6	6.0e-11
7.675e6	1.6e-10
7.725e6	1.4e-10
7.775e6	1.6e-10
7.825e6	2.4e-10
7.875e6	1.8e-10
7.925e6	2.4e-10
7.975e6	2.0e-10
8.025e6	1.4e-10
8.075e6	2.0e-10
8.125e6	1.4e-10
8.175e6	2.6e-10
8.225e6	8.0e-11
8.275e6	3.2e-10
8.325e6	2.4e-10
8.375e6	2.4e-10
8.425e6	2.4e-10
8.475e6	3.0e-10
8.525e6	2.6e-10
8.575e6	3.2e-10
8.625e6	2.0e-10
8.675e6	3.0e-10
8.725e6	3.0e-10
8.775e6	2.4e-10
8.825e6	3.0e-10
8.875e6	2.4e-10
8.925e6	4.2e-10
8.975e6	3.2e-10
9.025e6	3.0e-10
9.075e6	2.4e-10
9.125e6	3.6e-10
9.175e6	4.0e-10
9.225e6	5.0e-10
9.275e6	4.0e-10
9.325e6	3.4e-10
9.375e6	4.2e-10
9.425e6	4.4e-10
9.475e6	3.8e-10
9.525e6	5.0e-10
9.575e6	5.8e-10
9.625e6	6.2e-10
9.675e6	5.6e-10
9.725e6	4.8e-10
9.775e6	6.6e-10
9.825e6	5.6e-10
9.875e6	5.2e-10
9.925e6	5.0e-10
9.975e6	7.8e-10
1.0025e7	8.6e-10
1.0075e7	6.2e-10
1.0125e7	9.2e-10
1.0175e7	9.0e-10
1.0225e7	8.6e-10
1.0275e7	7.8e-10
1.0325e7	8.8e-10
1.0375e7	8.2e-10
1.0425e7	9.8e-10
1.0475e7	1.08e-9
1.0525e7	9.8e-10
1.0575e7	8.8e-10
1.0625e7	8.6e-10
1.0675e7	1.08e-9
1.0725e7	1.02e-9
1.0775e7	8.8e-10
1.0825e7	9.0e-10
1.0875e7	8.2e-10
1.0925e7	1.08e-9
1.0975e7	1.46e-9
1.1025e7	1.42e-9
1.1075e7	1.52e-9
1.1125e7	1.34e-9
1.1175e7	1.42e-9
1.1225e7	1.36e-9
1.1275e7	1.36e-9
1.1325e7	1.26e-9
1.1375e7	1.46e-9
1.1425e7	1.7e-9
1.1475e7	2.04e-9
1.1525e7	1.86e-9
1.1575e7	1.72e-9
1.1625e7	1.88e-9
1.1675e7	1.94e-9
1.1725e7	1.98e-9
1.1775e7	1.62e-9
1.1825e7	1.76e-9
1.1875e7	1.76e-9
1.1925e7	2.12e-9
1.1975e7	1.96e-9
1.2025e7	2.32e-9
1.2075e7	1.96e-9
1.2125e7	2.4e-9
1.2175e7	2.66e-9
1.2225e7	2.18e-9
1.2275e7	2.46e-9
1.2325e7	2.98e-9
1.2375e7	3.14e-9
1.2425e7	2.58e-9
1.2475e7	3.08e-9
1.2525e7	2.54e-9
1.2575e7	3.0e-9
1.2625e7	3.02e-9
1.2675e7	3.4e-9
1.2725e7	2.7e-9
1.2775e7	3.12e-9
1.2825e7	3.18e-9
1.2875e7	3.28e-9
1.2925e7	3.72e-9
1.2975e7	3.4e-9
1.3025e7	3.28e-9
1.3075e7	4.0e-9
1.3125e7	3.66e-9
1.3175e7	3.82e-9
1.3225e7	3.56e-9
1.3275e7	4.26e-9
1.3325e7	4.06e-9
1.3375e7	4.52e-9
1.3425e7	4.62e-9
1.3475e7	4.42e-9
1.3525e7	4.48e-9
1.3575e7	5.0e-9
1.3625e7	5.18e-9
1.3675e7	5.06e-9
1.3725e7	5.06e-9
1.3775e7	4.44e-9
1.3825e7	5.54e-9
1.3875e7	4.78e-9
1.3925e7	5.42e-9
1.3975e7	5.84e-9
1.4025e7	6.04e-9
1.4075e7	5.98e-9
1.4125e7	5.84e-9
1.4175e7	6.5e-9
1.4225e7	6.48e-9
1.4275e7	6.68e-9
1.4325e7	6.42e-9
1.4375e7	7.04e-9
1.4425e7	7.2e-9
1.4475e7	6.94e-9
1.4525e7	6.94e-9
1.4575e7	6.5e-9
1.4625e7	7.56e-9
1.4675e7	7.72e-9
1.4725e7	7.82e-9
1.4775e7	7.72e-9
1.4825e7	8.88e-9
1.4875e7	9.46e-9
1.4925e7	8.72e-9
1.4975e7	8.22e-9
1.5025e7	8.06e-9
1.5075e7	9.2e-9
1.5125e7	1.038e-8
1.5175e7	9.48e-9
1.5225e7	9.58e-9
1.5275e7	9.74e-9
1.5325e7	1.04e-8
1.5375e7	1.07e-8
1.5425e7	1.118e-8
1.5475e7	1.052e-8
1.5525e7	1.146e-8
1.5575e7	1.224e-8
1.5625e7	1.132e-8
1.5675e7	1.246e-8
1.5725e7	1.216e-8
1.5775e7	1.206e-8
1.5825e7	1.236e-8
1.5875e7	1.278e-8
1.5925e7	1.284e-8
1.5975e7	1.346e-8
1.6025e7	1.36e-8
1.6075e7	1.378e-8
1.6125e7	1.432e-8
1.6175e7	1.386e-8
1.6225e7	1.464e-8
1.6275e7	1.452e-8
1.6325e7	1.516e-8
1.6375e7	1.592e-8
1.6425e7	1.55e-8
1.6475e7	1.712e-8
1.6525e7	1.606e-8
1.6575e7	1.614e-8
1.6625e7	1.686e-8
1.6675e7	1.678e-8
1.6725e7	1.704e-8
1.6775e7	1.81e-8
1.6825e7	1.734e-8
1.6875e7	1.828e-8
1.6925e7	1.858e-8
1.6975e7	1.948e-8
1.7025e7	1.942e-8
1.7075e7	1.974e-8
1.7125e7	2.012e-8
1.7175e7	1.922e-8
1.7225e7	2.016e-8
1.7275e7	2.126e-8
1.7325e7	2.168e-8
1.7375e7	2.178e-8
1.7425e7	2.16e-8
1.7475e7	2.236e-8
1.7525e7	2.236e-8
1.7575e7	2.404e-8
1.7625e7	2.3e-8
1.7675e7	2.444e-8
1.7725e7	2.398e-8
1.7775e7	2.536e-8
1.7825e7	2.466e-8
1.7875e7	2.52e-8
1.7925e7	2.53e-8
1.7975e7	2.578e-8
1.8025e7	2.564e-8
1.8075e7	2.664e-8
1.8125e7	2.718e-8
1.8175e7	2.704e-8
1.8225e7	2.82e-8
1.8275e7	2.832e-8
1.8325e7	2.896e-8
1.8375e7	2.954e-8
1.8425e7	2.902e-8
1.8475e7	3.038e-8
1.8525e7	3.076e-8
1.8575e7	3.156e-8
1.8625e7	3.22e-8
1.8675e7	3.192e-8
1.8725e7	3.168e-8
1.8775e7	3.308e-8
1.8825e7	3.19e-8
1.8875e7	3.424e-8
1.8925e7	3.248e-8
1.8975e7	3.528e-8
1.9025e7	3.636e-8
1.9075e7	3.49e-8
1.9125e7	3.596e-8
1.9175e7	3.618e-8
1.9225e7	3.704e-8
1.9275e7	3.758e-8
1.9325e7	3.898e-8
1.9375e7	3.748e-8
1.9425e7	3.82e-8
1.9475e7	3.824e-8
1.9525e7	3.85e-8
1.9575e7	4.088e-8
1.9625e7	4.052e-8
1.9675e7	4.074e-8
1.9725e7	4.11e-8
1.9775e7	4.11e-8
1.9825e7	4.144e-8
1.9875e7	4.342e-8
1.9925e7	4.33e-8
1.9975e7	4.24e-8
2.0025e7	4.318e-8
2.0075e7	4.356e-8
2.0125e7	4.452e-8
2.0175e7	4.59e-8
2.0225e7	4.662e-8
2.0275e7	4.494e-8
2.0325e7	4.78e-8
2.0375e7	4.866e-8
2.0425e7	4.762e-8
2.0475e7	4.804e-8
2.0525e7	4.826e-8
2.0575e7	5.052e-8
2.0625e7	5.018e-8
2.0675e7	4.916e-8
2.0725e7	5.094e-8
2.0775e7	5.07e-8
2.0825e7	5.12e-8
2.0875e7	5.276e-8
2.0925e7	5.182e-8
2.0975e7	5.318e-8
2.1025e7	5.296e-8
2.1075e7	5.544e-8
2.1125e7	5.452e-8
2.1175e7	5.506e-8
2.1225e7	5.554e-8
2.1275e7	5.608e-8
2.1325e7	5.642e-8
2.1375e7	5.792e-8
2.1425e7	5.754e-8
2.1475e7	5.666e-8
2.1525e7	5.748e-8
2.1575e7	5.778e-8
2.1625e7	5.778e-8
2.1675e7	6.1e-8
2.1725e7	6.092e-8
2.1775e7	6.054e-8
2.1825e7	6.302e-8
2.1875e7	6.22e-8
2.1925e7	6.228e-8
2.1975e7	6.214e-8
2.2025e7	6.404e-8
2.2075e7	6.202e-8
2.2125e7	6.572e-8
2.2175e7	6.29e-8
2.2225e7	6.464e-8
2.2275e7	6.444e-8
2.2325e7	6.23e-8
2.2375e7	6.484e-8
2.2425e7	6.5e-8
2.2475e7	6.378e-8
2.2525e7	6.652e-8
2.2575e7	6.694e-8
2.2625e7	6.78e-8
2.2675e7	6.748e-8
2.2725e7	6.856e-8
2.2775e7	6.716e-8
2.2825e7	6.874e-8
2.2875e7	7.024e-8
2.2925e7	6.774e-8
2.2975e7	7.048e-8
2.3025e7	7.346e-8
2.3075e7	7.016e-8
2.3125e7	6.992e-8
2.3175e7	7.156e-8
2.3225e7	7.14e-8
2.3275e7	7.266e-8
2.3325e7	7.24e-8
2.3375e7	7.358e-8
2.3425e7	7.218e-8
2.3475e7	7.08e-8
2.3525e7	7.408e-8
2.3575e7	7.422e-8
2.3625e7	7.242e-8
2.3675e7	7.448e-8
2.3725e7	7.562e-8
2.3775e7	7.526e-8
2.3825e7	7.202e-8
2.3875e7	7.352e-8
2.3925e7	7.592e-8
2.3975e7	7.458e-8
2.4025e7	7.454e-8
2.4075e7	7.688e-8
2.4125e7	7.848e-8
2.4175e7	7.63e-8
2.4225e7	7.678e-8
2.4275e7	7.512e-8
2.4325e7	7.62e-8
2.4375e7	7.6e-8
2.4425e7	7.548e-8
2.4475e7	7.918e-8
2.4525e7	7.74e-8
2.4575e7	7.746e-8
2.4625e7	7.92e-8
2.4675e7	7.83e-8
2.4725e7	7.692e-8
2.4775e7	7.926e-8
2.4825e7	7.914e-8
2.4875e7	8.078e-8
2.4925e7	7.716e-8
2.4975e7	7.96e-8
2.5025e7	7.656e-8
2.5075e7	7.724e-8
2.5125e7	7.742e-8
2.5175e7	7.812e-8
2.5225e7	7.688e-8
2.5275e7	7.626e-8
2.5325e7	7.834e-8
2.5375e7	7.852e-8
2.5425e7	7.704e-8
2.5475e7	7.946e-8
2.5525e7	7.726e-8
2.5575e7	7.91e-8
2.5625e7	7.916e-8
2.5675e7	7.806e-8
2.5725e7	8.118e-8
2.5775e7	7.978e-8
2.5825e7	7.968e-8
2.5875e7	8.028e-8
2.5925e7	7.662e-8
2.5975e7	7.95e-8
2.6025e7	7.686e-8
2.6075e7	7.838e-8
2.6125e7	7.738e-8
2.6175e7	7.72e-8
2.6225e7	7.792e-8
2.6275e7	7.554e-8
2.6325e7	7.764e-8
2.6375e7	7.762e-8
2.6425e7	7.846e-8
2.6475e7	7.72e-8
2.6525e7	7.656e-8
2.6575e7	7.622e-8
2.6625e7	7.756e-8
2.6675e7	7.71e-8
2.6725e7	7.538e-8
2.6775e7	7.634e-8
2.6825e7	7.62e-8
2.6875e7	7.714e-8
2.6925e7	7.754e-8
2.6975e7	7.56e-8
2.7025e7	7.554e-8
2.7075e7	7.672e-8
2.7125e7	7.318e-8
2.7175e7	7.42e-8
2.7225e7	7.226e-8
2.7275e7	7.208e-8
2.7325e7	7.404e-8
2.7375e7	7.304e-8
2.7425e7	7.182e-8
2.7475e7	7.256e-8
2.7525e7	7.468e-8
2.7575e7	7.276e-8
2.7625e7	7.054e-8
2.7675e7	7.182e-8
2.7725e7	6.968e-8
2.7775e7	7.258e-8
2.7825e7	6.988e-8
2.7875e7	7.16e-8
2.7925e7	6.932e-8
2.7975e7	7.13e-8
2.8025e7	6.924e-8
2.8075e7	6.742e-8
2.8125e7	6.838e-8
2.8175e7	6.866e-8
2.8225e7	6.962e-8
2.8275e7	6.918e-8
2.8325e7	6.466e-8
2.8375e7	6.602e-8
2.8425e7	6.586e-8
2.8475e7	6.588e-8
2.8525e7	6.704e-8
2.8575e7	6.458e-8
2.8625e7	6.608e-8
2.8675e7	6.72e-8
2.8725e7	6.346e-8
2.8775e7	6.346e-8
2.8825e7	6.204e-8
2.8875e7	6.408e-8
2.8925e7	6.174e-8
2.8975e7	6.114e-8
2.9025e7	6.238e-8
2.9075e7	6.078e-8
2.9125e7	5.99e-8
2.9175e7	5.96e-8
2.9225e7	5.854e-8
2.9275e7	5.702e-8
2.9325e7	5.98e-8
2.9375e7	5.9e-8
2.9425e7	5.678e-8
2.9475e7	5.66e-8
2.9525e7	5.892e-8
2.9575e7	5.392e-8
2.9625e7	5.44e-8
2.9675e7	5.672e-8
2.9725e7	5.416e-8
2.9775e7	5.564e-8
2.9825e7	5.584e-8
2.9875e7	5.346e-8
2.9925e7	5.55e-8
2.9975e7	5.16e-8
3.0025e7	5.202e-8
3.0075e7	5.122e-8
3.0125e7	5.07e-8
3.0175e7	5.186e-8
3.0225e7	5.016e-8
3.0275e7	5.114e-8
3.0325e7	5.122e-8
3.0375e7	4.982e-8
3.0425e7	5.002e-8
3.0475e7	4.618e-8
3.0525e7	4.814e-8
3.0575e7	4.842e-8
3.0625e7	4.722e-8
3.0675e7	4.858e-8
3.0725e7	4.662e-8
3.0775e7	4.478e-8
3.0825e7	4.574e-8
3.0875e7	4.356e-8
3.0925e7	4.514e-8
3.0975e7	4.334e-8
3.1025e7	4.144e-8
3.1075e7	4.226e-8
3.1125e7	3.998e-8
3.1175e7	4.302e-8
3.1225e7	4.064e-8
3.1275e7	4.108e-8
3.1325e7	4.112e-8
3.1375e7	4.228e-8
3.1425e7	4.008e-8
3.1475e7	3.838e-8
3.1525e7	3.992e-8
3.1575e7	3.78e-8
3.1625e7	3.732e-8
3.1675e7	3.68e-8
3.1725e7	3.726e-8
3.1775e7	3.71e-8
3.1825e7	3.798e-8
3.1875e7	3.398e-8
3.1925e7	3.72e-8
3.1975e7	3.546e-8
3.2025e7	3.462e-8
3.2075e7	3.482e-8
3.2125e7	3.362e-8
3.2175e7	3.166e-8
3.2225e7	3.372e-8
3.2275e7	3.17e-8
3.2325e7	3.218e-8
3.2375e7	3.216e-8
3.2425e7	3.11e-8
3.2475e7	3.11e-8
3.2525e7	3.086e-8
3.2575e7	3.086e-8
3.2625e7	2.918e-8
3.2675e7	2.964e-8
3.2725e7	2.984e-8
3.2775e7	2.838e-8
3.2825e7	2.712e-8
3.2875e7	2.614e-8
3.2925e7	2.74e-8
3.2975e7	2.618e-8
3.3025e7	2.696e-8
3.3075e7	2.438e-8
3.3125e7	2.584e-8
3.3175e7	2.53e-8
3.3225e7	2.598e-8
3.3275e7	2.304e-8
3.3325e7	2.57e-8
3.3375e7	2.298e-8
3.3425e7	2.342e-8
3.3475e7	2.312e-8
3.3525e7	2.17e-8
3.3575e7	2.212e-8
3.3625e7	2.202e-8
3.3675e7	2.144e-8
3.3725e7	2.178e-8
3.3775e7	2.05e-8
3.3825e7	2.088e-8
3.3875e7	2.066e-8
3.3925e7	1.922e-8
3.3975e7	1.868e-8
3.4025e7	1.96e-8
3.4075e7	1.8e-8
3.4125e7	1.906e-8
3.4175e7	1.836e-8
3.4225e7	1.772e-8
3.4275e7	1.752e-8
3.4325e7	1.72e-8
3.4375e7	1.692e-8
3.4425e7	1.664e-8
3.4475e7	1.672e-8
3.4525e7	1.582e-8
3.4575e7	1.568e-8
3.4625e7	1.61e-8
3.4675e7	1.582e-8
3.4725e7	1.492e-8
3.4775e7	1.458e-8
3.4825e7	1.434e-8
3.4875e7	1.448e-8
3.4925e7	1.41e-8
3.4975e7	1.404e-8
3.5025e7	1.31e-8
3.5075e7	1.27e-8
3.5125e7	1.302e-8
3.5175e7	1.31e-8
3.5225e7	1.282e-8
3.5275e7	1.278e-8
3.5325e7	1.15e-8
3.5375e7	1.2e-8
3.5425e7	1.14e-8
3.5475e7	1.156e-8
3.5525e7	1.034e-8
3.5575e7	1.064e-8
3.5625e7	1.136e-8
3.5675e7	1.02e-8
3.5725e7	1.046e-8
3.5775e7	9.8e-9
3.5825e7	9.5e-9
3.5875e7	1.078e-8
3.5925e7	8.86e-9
3.5975e7	1.016e-8
3.6025e7	1.022e-8
3.6075e7	9.74e-9
3.6125e7	9.18e-9
3.6175e7	8.4e-9
3.6225e7	8.2e-9
3.6275e7	8.36e-9
3.6325e7	8.24e-9
3.6375e7	8.16e-9
3.6425e7	7.86e-9
3.6475e7	8.06e-9
3.6525e7	8.0e-9
3.6575e7	7.4e-9
3.6625e7	7.3e-9
3.6675e7	7.34e-9
3.6725e7	7.22e-9
3.6775e7	6.86e-9
3.6825e7	7.38e-9
3.6875e7	6.56e-9
3.6925e7	6.42e-9
3.6975e7	5.78e-9
3.7025e7	6.16e-9
3.7075e7	6.06e-9
3.7125e7	5.78e-9
3.7175e7	6.04e-9
3.7225e7	6.2e-9
3.7275e7	5.68e-9
3.7325e7	5.68e-9
3.7375e7	5.4e-9
3.7425e7	5.2e-9
3.7475e7	4.38e-9
3.7525e7	4.88e-9
3.7575e7	4.12e-9
3.7625e7	4.46e-9
3.7675e7	4.68e-9
3.7725e7	4.3e-9
3.7775e7	4.52e-9
3.7825e7	4.22e-9
3.7875e7	3.64e-9
3.7925e7	3.94e-9
3.7975e7	3.9e-9
3.8025e7	3.96e-9
3.8075e7	4.0e-9
3.8125e7	3.54e-9
3.8175e7	3.46e-9
3.8225e7	3.32e-9
3.8275e7	3.48e-9
3.8325e7	2.9e-9
3.8375e7	3.14e-9
3.8425e7	3.5e-9
3.8475e7	2.88e-9
3.8525e7	3.1e-9
3.8575e7	2.56e-9
3.8625e7	2.64e-9
3.8675e7	2.72e-9
3.8725e7	2.4e-9
3.8775e7	2.62e-9
3.8825e7	2.58e-9
3.8875e7	2.14e-9
3.8925e7	2.3e-9
3.8975e7	2.3e-9
3.9025e7	2.2e-9
3.9075e7	2.1e-9
3.9125e7	2.16e-9
3.9175e7	2.12e-9
3.9225e7	2.04e-9
3.9275e7	2.08e-9
3.9325e7	2.26e-9
3.9375e7	2.44e-9
3.9425e7	1.98e-9
3.9475e7	1.82e-9
3.9525e7	1.82e-9
3.9575e7	1.64e-9
3.9625e7	1.42e-9
3.9675e7	1.72e-9
3.9725e7	1.52e-9
3.9775e7	1.88e-9
3.9825e7	1.64e-9
3.9875e7	1.58e-9
3.9925e7	1.58e-9
3.9975e7	1.74e-9
4.0025e7	1.42e-9
4.0075e7	1.52e-9
4.0125e7	1.4e-9
4.0175e7	1.42e-9
4.0225e7	1.14e-9
4.0275e7	1.06e-9
4.0325e7	1.18e-9
4.0375e7	1.12e-9
4.0425e7	1.38e-9
4.0475e7	1.26e-9
4.0525e7	1.14e-9
4.0575e7	7.4e-10
4.0625e7	9.8e-10
4.0675e7	9.8e-10
4.0725e7	9.6e-10
4.0775e7	8.8e-10
4.0825e7	1.14e-9
4.0875e7	8.2e-10
4.0925e7	8.2e-10
4.0975e7	7.8e-10
4.1025e7	7.0e-10
4.1075e7	9.8e-10
4.1125e7	7.0e-10
4.1175e7	8.0e-10
4.1225e7	5.0e-10
4.1275e7	7.8e-10
4.1325e7	1.02e-9
4.1375e7	7.2e-10
4.1425e7	7.2e-10
4.1475e7	9.0e-10
4.1525e7	6.8e-10
4.1575e7	6.0e-10
4.1625e7	7.6e-10
4.1675e7	5.6e-10
4.1725e7	5.2e-10
4.1775e7	4.8e-10
4.1825e7	5.8e-10
4.1875e7	4.6e-10
4.1925e7	4.6e-10
4.1975e7	4.8e-10
4.2025e7	5.0e-10
4.2075e7	2.4e-10
4.2125e7	4.4e-10
4.2175e7	3.8e-10
4.2225e7	6.4e-10
4.2275e7	5.0e-10
4.2325e7	2.2e-10
4.2375e7	3.8e-10
4.2425e7	3.0e-10
4.2475e7	2.4e-10
4.2525e7	2.8e-10
4.2575e7	3.6e-10
4.2625e7	3.2e-10
4.2675e7	3.4e-10
4.2725e7	3.6e-10
4.2775e7	2.2e-10
4.2825e7	3.6e-10
4.2875e7	2.2e-10
4.2925e7	2.2e-10
4.2975e7	2.6e-10
4.3025e7	6.0e-11
4.3075e7	3.2e-10
4.3125e7	2.8e-10
4.3175e7	2.0e-10
4.3225e7	2.4e-10
4.3275e7	2.0e-10
4.3325e7	2.4e-10
4.3375e7	2.2e-10
4.3425e7	2.0e-10
4.3475e7	3.0e-10
4.3525e7	1.8e-10
4.3575e7	1.6e-10
4.3625e7	8.0e-11
4.3675e7	1.4e-10
4.3725e7	8.0e-11
4.3775e7	8.0e-11
4.3825e7	1.0e-10
4.3875e7	1.6e-10
4.3925e7	1.4e-10
4.3975e7	1.8e-10
4.4025e7	1.0e-10
4.4075e7	1.0e-10
4.4125e7	1.2e-10
4.4175e7	1.4e-10
4.4225e7	2.0e-10
4.4275e7	1.2e-10
4.4325e7	8.0e-11
4.4375e7	2.0e-11
4.4425e7	8.0e-11
4.4475e7	8.0e-11
4.4525e7	8.0e-11
4.4575e7	8.0e-11
4.4625e7	6.0e-11
4.4675e7	2.0e-11
4.4725e7	1.0e-10
4.4775e7	8.0e-11
4.4825e7	6.0e-11
4.4875e7	0.0
4.4925e7	8.0e-11
4.4975e7	4.0e-11
4.5025e7	8.0e-11
4.5075e7	0.0
4.5125e7	4.0e-11
4.5175e7	1.2e-10
4.5225e7	6.0e-11
4.5275e7	2.0e-11
4.5325e7	0.0
4.5375e7	4.0e-11
4.5425e7	4.0e-11
4.5475e7	6.0e-11
4.5525e7	0.0
4.5575e7	2.0e-11
4.5625e7	2.0e-11
4.5675e7	4.0e-11
4.5725e7	4.0e-11
4.5775e7	2.0e-11
4.5825e7	8.0e-11
4.5875e7	2.0e-11
4.5925e7	6.0e-11
4.5975e7	0.0
4.6025e7	2.0e-11
4.6075e7	6.0e-11
4.6125e7	4.0e-11
4.6175e7	2.0e-11
4.6225e7	6.0e-11
4.6275e7	4.0e-11
4.6325e7	2.0e-11
4.6375e7	2.0e-11
4.6425e7	0.0
4.6475e7	0.0
4.6525e7	0.0
4.6575e7	6.0e-11
4.6625e7	2.0e-11
4.6675e7	2.0e-11
4.6725e7	0.0
4.6775e7	0.0
4.6825e7	2.0e-11
4.6875e7	2.0e-11
4.6925e7	0.0
4.6975e7	0.0
4.7025e7	2.0e-11
4.7075e7	2.0e-11
4.7125e7	2.0e-11
4.7175e7	0.0
4.7225e7	4.0e-11
4.7275e7	2.0e-11
4.7325e7	0.0
4.7375e7	4.0e-11
4.7425e7	0.0
4.7475e7	2.0e-11
4.7525e7	0.0
4.7575e7	2.0e-11
4.7625e7	0.0
4.7675e7	0.0
4.7725e7	2.0e-11
4.7775e7	0.0
4.7825e7	2.0e-11
4.7875e7	0.0
4.7925e7	0.0
4.7975e7	2.0e-11
4.8025e7	0.0
4.8075e7	2.0e-11
4.8125e7	0.0
4.8175e7	2.0e-11
4.8225e7	0.0
4.8275e7	0.0
4.8325e7	2.0e-11
4.8375e7	0.0
4.8425e7	2.0e-11
4.8475e7	0.0
4.8525e7	0.0
4.8575e7	2.0e-11
4.8625e7	0.0
4.8675e7	0.0
4.8725e7	2.0e-11
4.8775e7	0.0
4.8825e7	0.0
4.8875e7	2.0e-11
4.8925e7	0.0
4.8975e7	0.0
4.9025e7	0.0
4.9075e7	0.0
4.9125e7	0.0
4.9175e7	0.0
4.9225e7	2.0e-11
