x	y
-2.6275e7	2.0e-12
-2.6225e7	0.0
-2.6175e7	0.0
-2.6125e7	0.0
-2.6075e7	0.0
-2.6025e7	0.0
-2.5975e7	0.0
-2.5925e7	0.0
-2.5875e7	0.0
-2.5825e7	0.0
-2.5775e7	0.0
-2.5725e7	0.0
-2.5675e7	0.0
-2.5625e7	0.0
-2.5575e7	0.0
-2.5525e7	0.0
-2.5475e7	0.0
-2.5425e7	0.0
-2.5375e7	0.0
-2.5325e7	0.0
-2.5275e7	0.0
-2.5225e7	2.0e-12
-2.5175e7	0.0
-2.5125e7	0.0
-2.5075e7	0.0
-2.5025e7	2.0e-12
-2.4975e7	0.0
-2.4925e7	0.0
-2.4875e7	0.0
-2.4825e7	0.0
-2.4775e7	0.0
-2.4725e7	2.0e-12
-2.4675e7	0.0
-2.4625e7	0.0
-2.4575e7	0.0
-2.4525e7	0.0
-2.4475e7	0.0
-2.4425e7	0.0
-2.4375e7	0.0
-2.4325e7	2.0e-12
-2.4275e7	0.0
-2.4225e7	0.0
-2.4175e7	0.0
-2.4125e7	0.0
-2.4075e7	2.0e-12
-2.4025e7	0.0
-2.3975e7	0.0
-2.3925e7	0.0
-2.3875e7	0.0
-2.3825e7	0.0
-2.3775e7	0.0
-2.3725e7	0.0
-2.3675e7	0.0
-2.3625e7	4.0e-12
-2.3575e7	0.0
-2.3525e7	2.0e-12
-2.3475e7	2.0e-12
-2.3425e7	2.0e-12
-2.3375e7	0.0
-2.3325e7	0.0
-2.3275e7	2.0e-12
-2.3225e7	0.0
-2.3175e7	2.0e-12
-2.3125e7	2.0e-12
-2.3075e7	0.0
-2.3025e7	1.0e-11
-2.2975e7	0.0
-2.2925e7	0.0
-2.2875e7	2.0e-12
-2.2825e7	0.0
-2.2775e7	0.0
-2.2725e7	4.0e-12
-2.2675e7	4.0e-12
-2.2625e7	0.0
-2.2575e7	2.0e-12
-2.2525e7	0.0
-2.2475e7	2.0e-12
-2.2425e7	0.0
-2.2375e7	0.0
-2.2325e7	2.0e-12
-2.2275e7	1.0e-11
-2.2225e7	1.0e-11
-2.2175e7	2.0e-12
-2.2125e7	4.0e-12
-2.2075e7	4.0e-12
-2.2025e7	4.0e-12
-2.1975e7	0.0
-2.1925e7	2.0e-12
-2.1875e7	1.0e-11
-2.1825e7	4.0e-12
-2.1775e7	6.0e-12
-2.1725e7	6.0e-12
-2.1675e7	4.0e-12
-2.1625e7	6.0e-12
-2.1575e7	6.0e-12
-2.1525e7	4.0e-12
-2.1475e7	4.0e-12
-2.1425e7	4.0e-12
-2.1375e7	6.0e-12
-2.1325e7	2.0e-12
-2.1275e7	4.0e-12
-2.1225e7	2.0e-12
-2.1175e7	6.0e-12
-2.1125e7	1.0e-11
-2.1075e7	8.0e-12
-2.1025e7	6.0e-12
-2.0975e7	6.0e-12
-2.0925e7	6.0e-12
-2.0875e7	2.0e-12
-2.0825e7	1.6e-11
-2.0775e7	1.4e-11
-2.0725e7	8.0e-12
-2.0675e7	8.0e-12
-2.0625e7	1.8e-11
-2.0575e7	1.0e-11
-2.0525e7	1.0e-11
-2.0475e7	8.0e-12
-2.0425e7	1.6e-11
-2.0375e7	2.2e-11
-2.0325e7	2.2e-11
-2.0275e7	6.0e-12
-2.0225e7	2.0e-11
-2.0175e7	3.8e-11
-2.0125e7	2.0e-11
-2.0075e7	1.6e-11
-2.0025e7	1.6e-11
-1.9975e7	2.0e-11
-1.9925e7	1.0e-11
-1.9875e7	1.8e-11
-1.9825e7	2.6e-11
-1.9775e7	3.2e-11
-1.9725e7	2.2e-11
-1.9675e7	1.8e-11
-1.9625e7	2.6e-11
-1.9575e7	2.8e-11
-1.9525e7	4.0e-11
-1.9475e7	3.6e-11
-1.9425e7	1.8e-11
-1.9375e7	3.2e-11
-1.9325e7	2.8e-11
-1.9275e7	2.4e-11
-1.9225e7	3.0e-11
-1.9175e7	4.0e-11
-1.9125e7	3.8e-11
-1.9075e7	3.2e-11
-1.9025e7	2.4e-11
-1.8975e7	5.0e-11
-1.8925e7	5.8e-11
-1.8875e7	3.4e-11
-1.8825e7	4.2e-11
-1.8775e7	3.6e-11
-1.8725e7	7.0e-11
-1.8675e7	6.0e-11
-1.8625e7	5.0e-11
-1.8575e7	5.4e-11
-1.8525e7	5.6e-11
-1.8475e7	5.4e-11
-1.8425e7	7.0e-11
-1.8375e7	5.6e-11
-1.8325e7	7.6e-11
-1.8275e7	6.2e-11
-1.8225e7	8.8e-11
-1.8175e7	7.2e-11
-1.8125e7	8.6e-11
-1.8075e7	7.4e-11
-1.8025e7	8.0e-11
-1.7975e7	9.4e-11
-1.7925e7	1.22e-10
-1.7875e7	1.06e-10
-1.7825e7	1.02e-10
-1.7775e7	9.8e-11
-1.7725e7	9.8e-11
-1.7675e7	1.08e-10
-1.7625e7	1.12e-10
-1.7575e7	1.1e-10
-1.7525e7	1.22e-10
-1.7475e7	1.5e-10
-1.7425e7	1.18e-10
-1.7375e7	1.32e-10
-1.7325e7	1.16e-10
-1.7275e7	1.32e-10
-1.7225e7	1.44e-10
-1.7175e7	1.9e-10
-1.7125e7	1.62e-10
-1.7075e7	1.78e-10
-1.7025e7	1.56e-10
-1.6975e7	2.0e-10
-1.6925e7	1.82e-10
-1.6875e7	1.82e-10
-1.6825e7	2.08e-10
-1.6775e7	1.92e-10
-1.6725e7	1.88e-10
-1.6675e7	2.22e-10
-1.6625e7	2.38e-10
-1.6575e7	2.36e-10
-1.6525e7	2.42e-10
-1.6475e7	2.3e-10
-1.6425e7	2.38e-10
-1.6375e7	2.84e-10
-1.6325e7	2.98e-10
-1.6275e7	3.26e-10
-1.6225e7	2.46e-10
-1.6175e7	3.0e-10
-1.6125e7	3.2e-10
-1.6075e7	3.5e-10
-1.6025e7	3.08e-10
-1.5975e7	3.74e-10
-1.5925e7	3.62e-10
-1.5875e7	3.88e-10
-1.5825e7	4.24e-10
-1.5775e7	4.32e-10
-1.5725e7	4.14e-10
-1.5675e7	4.54e-10
-1.5625e7	4.88e-10
-1.5575e7	4.82e-10
-1.5525e7	4.8e-10
-1.5475e7	4.6e-10
-1.5425e7	5.02e-10
-1.5375e7	4.98e-10
-1.5325e7	5.04e-10
-1.5275e7	5.3e-10
-1.5225e7	5.58e-10
-1.5175e7	5.8e-10
-1.5125e7	5.18e-10
-1.5075e7	5.84e-10
-1.5025e7	5.94e-10
-1.4975e7	6.44e-10
-1.4925e7	6.42e-10
-1.4875e7	6.62e-10
-1.4825e7	7.18e-10
-1.4775e7	7.48e-10
-1.4725e7	7.92e-10
-1.4675e7	7.92e-10
-1.4625e7	8.0e-10
-1.4575e7	8.9e-10
-1.4525e7	8.14e-10
-1.4475e7	8.68e-10
-1.4425e7	9.76e-10
-1.4375e7	9.74e-10
-1.4325e7	9.74e-10
-1.4275e7	9.44e-10
-1.4225e7	9.74e-10
-1.4175e7	1.098e-9
-1.4125e7	1.13e-9
-1.4075e7	1.114e-9
-1.4025e7	1.138e-9
-1.3975e7	1.242e-9
-1.3925e7	1.314e-9
-1.3875e7	1.262e-9
-1.3825e7	1.33e-9
-1.3775e7	1.202e-9
-1.3725e7	1.356e-9
-1.3675e7	1.422e-9
-1.3625e7	1.438e-9
-1.3575e7	1.602e-9
-1.3525e7	1.486e-9
-1.3475e7	1.61e-9
-1.3425e7	1.644e-9
-1.3375e7	1.658e-9
-1.3325e7	1.814e-9
-1.3275e7	1.756e-9
-1.3225e7	1.762e-9
-1.3175e7	1.86e-9
-1.3125e7	1.934e-9
-1.3075e7	1.954e-9
-1.3025e7	1.968e-9
-1.2975e7	2.172e-9
-1.2925e7	2.284e-9
-1.2875e7	2.19e-9
-1.2825e7	2.342e-9
-1.2775e7	2.34e-9
-1.2725e7	2.446e-9
-1.2675e7	2.432e-9
-1.2625e7	2.452e-9
-1.2575e7	2.622e-9
-1.2525e7	2.81e-9
-1.2475e7	2.71e-9
-1.2425e7	2.744e-9
-1.2375e7	2.806e-9
-1.2325e7	2.872e-9
-1.2275e7	3.082e-9
-1.2225e7	3.166e-9
-1.2175e7	3.294e-9
-1.2125e7	3.134e-9
-1.2075e7	3.368e-9
-1.2025e7	3.408e-9
-1.1975e7	3.552e-9
-1.1925e7	3.514e-9
-1.1875e7	3.572e-9
-1.1825e7	3.736e-9
-1.1775e7	4.006e-9
-1.1725e7	3.93e-9
-1.1675e7	3.966e-9
-1.1625e7	4.268e-9
-1.1575e7	4.372e-9
-1.1525e7	4.36e-9
-1.1475e7	4.52e-9
-1.1425e7	4.524e-9
-1.1375e7	4.624e-9
-1.1325e7	4.752e-9
-1.1275e7	4.988e-9
-1.1225e7	5.036e-9
-1.1175e7	5.192e-9
-1.1125e7	5.298e-9
-1.1075e7	5.372e-9
-1.1025e7	5.592e-9
-1.0975e7	5.582e-9
-1.0925e7	5.872e-9
-1.0875e7	5.948e-9
-1.0825e7	6.232e-9
-1.0775e7	6.098e-9
-1.0725e7	6.202e-9
-1.0675e7	6.32e-9
-1.0625e7	6.556e-9
-1.0575e7	6.844e-9
-1.0525e7	6.974e-9
-1.0475e7	6.928e-9
-1.0425e7	7.086e-9
-1.0375e7	7.454e-9
-1.0325e7	7.43e-9
-1.0275e7	7.542e-9
-1.0225e7	7.768e-9
-1.0175e7	8.07e-9
-1.0125e7	8.224e-9
-1.0075e7	8.45e-9
-1.0025e7	8.464e-9
-9.975e6	8.626e-9
-9.925e6	8.804e-9
-9.875e6	9.252e-9
-9.825e6	9.378e-9
-9.775e6	9.492e-9
-9.725e6	9.808e-9
-9.675e6	9.934e-9
-9.625e6	9.91e-9
-9.575e6	1.038e-8
-9.525e6	1.037e-8
-9.475e6	1.0562e-8
-9.425e6	1.0756e-8
-9.375e6	1.1082e-8
-9.325e6	1.1402e-8
-9.275e6	1.1614e-8
-9.225e6	1.1792e-8
-9.175e6	1.215e-8
-9.125e6	1.249e-8
-9.075e6	1.2416e-8
-9.025e6	1.2842e-8
-8.975e6	1.2626e-8
-8.925e6	1.3364e-8
-8.875e6	1.3706e-8
-8.825e6	1.3826e-8
-8.775e6	1.4054e-8
-8.725e6	1.4166e-8
-8.675e6	1.434e-8
-8.625e6	1.4458e-8
-8.575e6	1.512e-8
-8.525e6	1.5314e-8
-8.475e6	1.5652e-8
-8.425e6	1.5832e-8
-8.375e6	1.6204e-8
-8.325e6	1.6698e-8
-8.275e6	1.6764e-8
-8.225e6	1.6994e-8
-8.175e6	1.7498e-8
-8.125e6	1.7914e-8
-8.075e6	1.8212e-8
-8.025e6	1.8344e-8
-7.975e6	1.836e-8
-7.925e6	1.8906e-8
-7.875e6	1.9348e-8
-7.825e6	1.9826e-8
-7.775e6	1.9508e-8
-7.725e6	2.0034e-8
-7.675e6	2.0088e-8
-7.625e6	2.1058e-8
-7.575e6	2.1222e-8
-7.525e6	2.1556e-8
-7.475e6	2.1414e-8
-7.425e6	2.2218e-8
-7.375e6	2.231e-8
-7.325e6	2.307e-8
-7.275e6	2.3094e-8
-7.225e6	2.357e-8
-7.175e6	2.4316e-8
-7.125e6	2.4586e-8
-7.075e6	2.4732e-8
-7.025e6	2.4842e-8
-6.975e6	2.5616e-8
-6.925e6	2.6168e-8
-6.875e6	2.6252e-8
-6.825e6	2.6426e-8
-6.775e6	2.719e-8
-6.725e6	2.785e-8
-6.675e6	2.804e-8
-6.625e6	2.8378e-8
-6.575e6	2.8496e-8
-6.525e6	2.961e-8
-6.475e6	2.9522e-8
-6.425e6	2.9834e-8
-6.375e6	2.994e-8
-6.325e6	3.0588e-8
-6.275e6	3.1378e-8
-6.225e6	3.1472e-8
-6.175e6	3.2146e-8
-6.125e6	3.249e-8
-6.075e6	3.3102e-8
-6.025e6	3.3026e-8
-5.975e6	3.3644e-8
-5.925e6	3.3642e-8
-5.875e6	3.4796e-8
-5.825e6	3.5074e-8
-5.775e6	3.5328e-8
-5.725e6	3.6108e-8
-5.675e6	3.6566e-8
-5.625e6	3.7186e-8
-5.575e6	3.739e-8
-5.525e6	3.745e-8
-5.475e6	3.8474e-8
-5.425e6	3.872e-8
-5.375e6	3.9446e-8
-5.325e6	3.9638e-8
-5.275e6	4.0448e-8
-5.225e6	4.0354e-8
-5.175e6	4.1028e-8
-5.125e6	4.1582e-8
-5.075e6	4.2162e-8
-5.025e6	4.2862e-8
-4.975e6	4.3256e-8
-4.925e6	4.3444e-8
-4.875e6	4.3814e-8
-4.825e6	4.4202e-8
-4.775e6	4.4606e-8
-4.725e6	4.5122e-8
-4.675e6	4.5708e-8
-4.625e6	4.5982e-8
-4.575e6	4.5994e-8
-4.525e6	4.776e-8
-4.475e6	4.7496e-8
-4.425e6	4.7598e-8
-4.375e6	4.8574e-8
-4.325e6	4.9036e-8
-4.275e6	4.967e-8
-4.225e6	5.0078e-8
-4.175e6	5.0592e-8
-4.125e6	5.085e-8
-4.075e6	5.1784e-8
-4.025e6	5.198e-8
-3.975e6	5.2504e-8
-3.925e6	5.2868e-8
-3.875e6	5.3976e-8
-3.825e6	5.3814e-8
-3.775e6	5.4002e-8
-3.725e6	5.4976e-8
-3.675e6	5.467e-8
-3.625e6	5.5766e-8
-3.575e6	5.588e-8
-3.525e6	5.6914e-8
-3.475e6	5.69e-8
-3.425e6	5.7176e-8
-3.375e6	5.7836e-8
-3.325e6	5.8372e-8
-3.275e6	5.868e-8
-3.225e6	5.8738e-8
-3.175e6	5.9848e-8
-3.125e6	6.0502e-8
-3.075e6	6.0508e-8
-3.025e6	6.1096e-8
-2.975e6	6.1252e-8
-2.925e6	6.167e-8
-2.875e6	6.193e-8
-2.825e6	6.2656e-8
-2.775e6	6.3392e-8
-2.725e6	6.3756e-8
-2.675e6	6.4134e-8
-2.625e6	6.4394e-8
-2.575e6	6.5168e-8
-2.525e6	6.518e-8
-2.475e6	6.612e-8
-2.425e6	6.6334e-8
-2.375e6	6.6782e-8
-2.325e6	6.7002e-8
-2.275e6	6.7434e-8
-2.225e6	6.7632e-8
-2.175e6	6.7474e-8
-2.125e6	6.8122e-8
-2.075e6	6.8618e-8
-2.025e6	6.8784e-8
-1.975e6	6.9872e-8
-1.925e6	7.0156e-8
-1.875e6	6.9672e-8
-1.825e6	6.948e-8
-1.775e6	7.0728e-8
-1.725e6	7.0338e-8
-1.675e6	7.1652e-8
-1.625e6	7.1552e-8
-1.575e6	7.2792e-8
-1.525e6	7.261e-8
-1.475e6	7.2376e-8
-1.425e6	7.2754e-8
-1.375e6	7.3266e-8
-1.325e6	7.3774e-8
-1.275e6	7.4082e-8
-1.225e6	7.3792e-8
-1.175e6	7.416e-8
-1.125e6	7.413e-8
-1.075e6	7.531e-8
-1.025e6	7.4182e-8
-975000.0	7.5074e-8
-925000.0	7.4644e-8
-875000.0	7.5948e-8
-825000.0	7.5644e-8
-775000.0	7.598e-8
-725000.0	7.566e-8
-675000.0	7.6812e-8
-625000.0	7.7484e-8
-575000.0	7.7182e-8
-525000.0	7.7668e-8
-475000.0	7.7176e-8
-425000.0	7.661e-8
-375000.0	7.6826e-8
-325000.0	7.7616e-8
-275000.0	7.756e-8
-225000.0	7.7832e-8
-175000.0	7.7828e-8
-125000.0	7.84e-8
-75000.0	7.7522e-8
-25000.0	7.8854e-8
25000.0	7.8624e-8
75000.0	7.7896e-8
125000.0	7.8786e-8
175000.0	7.8522e-8
225000.0	7.8766e-8
275000.0	7.8938e-8
325000.0	7.9088e-8
375000.0	7.8566e-8
425000.0	7.916e-8
475000.0	7.922e-8
525000.0	7.8986e-8
575000.0	7.8872e-8
625000.0	7.9172e-8
675000.0	7.9124e-8
725000.0	7.8178e-8
775000.0	7.8534e-8
825000.0	7.8468e-8
875000.0	7.8346e-8
925000.0	7.8922e-8
975000.0	7.8398e-8
1.025e6	7.8102e-8
1.075e6	7.8308e-8
1.125e6	7.9234e-8
1.175e6	7.825e-8
1.225e6	7.7274e-8
1.275e6	7.821e-8
1.325e6	7.7908e-8
1.375e6	7.7926e-8
1.425e6	7.7724e-8
1.475e6	7.8022e-8
1.525e6	7.7318e-8
1.575e6	7.7084e-8
1.625e6	7.65e-8
1.675e6	7.694e-8
1.725e6	7.706e-8
1.775e6	7.6404e-8
1.825e6	7.615e-8
1.875e6	7.5882e-8
1.925e6	7.5772e-8
1.975e6	7.607e-8
2.025e6	7.5052e-8
2.075e6	7.6034e-8
2.125e6	7.5982e-8
2.175e6	7.544e-8
2.225e6	7.5272e-8
2.275e6	7.443e-8
2.325e6	7.38e-8
2.375e6	7.4672e-8
2.425e6	7.3972e-8
2.475e6	7.3732e-8
2.525e6	7.302e-8
2.575e6	7.2956e-8
2.625e6	7.346e-8
2.675e6	7.1984e-8
2.725e6	7.2354e-8
2.775e6	7.219e-8
2.825e6	7.1644e-8
2.875e6	7.1062e-8
2.925e6	7.0832e-8
2.975e6	7.0518e-8
3.025e6	7.0624e-8
3.075e6	7.0326e-8
3.125e6	6.9382e-8
3.175e6	6.9446e-8
3.225e6	6.9004e-8
3.275e6	6.8134e-8
3.325e6	6.8458e-8
3.375e6	6.788e-8
3.425e6	6.7226e-8
3.475e6	6.6246e-8
3.525e6	6.7156e-8
3.575e6	6.6284e-8
3.625e6	6.5148e-8
3.675e6	6.5678e-8
3.725e6	6.443e-8
3.775e6	6.4868e-8
3.825e6	6.475e-8
3.875e6	6.3948e-8
3.925e6	6.3094e-8
3.975e6	6.2622e-8
4.025e6	6.2864e-8
4.075e6	6.2032e-8
4.125e6	6.1162e-8
4.175e6	6.1938e-8
4.225e6	6.0624e-8
4.275e6	6.052e-8
4.325e6	6.0118e-8
4.375e6	5.9162e-8
4.425e6	5.8648e-8
4.475e6	5.8768e-8
4.525e6	5.8804e-8
4.575e6	5.7612e-8
4.625e6	5.7222e-8
4.675e6	5.689e-8
4.725e6	5.6208e-8
4.775e6	5.6386e-8
4.825e6	5.529e-8
4.875e6	5.496e-8
4.925e6	5.4066e-8
4.975e6	5.4722e-8
5.025e6	5.328e-8
5.075e6	5.3378e-8
5.125e6	5.2704e-8
5.175e6	5.313e-8
5.225e6	5.1576e-8
5.275e6	5.0994e-8
5.325e6	5.0452e-8
5.375e6	4.9894e-8
5.425e6	4.9552e-8
5.475e6	4.9536e-8
5.525e6	4.898e-8
5.575e6	4.8492e-8
5.625e6	4.8036e-8
5.675e6	4.7508e-8
5.725e6	4.7048e-8
5.775e6	4.6764e-8
5.825e6	4.6276e-8
5.875e6	4.5672e-8
5.925e6	4.5162e-8
5.975e6	4.4898e-8
6.025e6	4.4376e-8
6.075e6	4.3616e-8
6.125e6	4.295e-8
6.175e6	4.3326e-8
6.225e6	4.2238e-8
6.275e6	4.2244e-8
6.325e6	4.1756e-8
6.375e6	4.1068e-8
6.425e6	4.1226e-8
6.475e6	4.0438e-8
6.525e6	3.995e-8
6.575e6	3.9046e-8
6.625e6	3.8826e-8
6.675e6	3.8502e-8
6.725e6	3.8208e-8
6.775e6	3.742e-8
6.825e6	3.759e-8
6.875e6	3.6738e-8
6.925e6	3.5896e-8
6.975e6	3.5696e-8
7.025e6	3.5294e-8
7.075e6	3.4768e-8
7.125e6	3.4432e-8
7.175e6	3.4166e-8
7.225e6	3.3114e-8
7.275e6	3.3328e-8
7.325e6	3.3014e-8
7.375e6	3.1822e-8
7.425e6	3.184e-8
7.475e6	3.1586e-8
7.525e6	3.1e-8
7.575e6	3.032e-8
7.625e6	2.9932e-8
7.675e6	2.951e-8
7.725e6	2.9364e-8
7.775e6	2.896e-8
7.825e6	2.8482e-8
7.875e6	2.7686e-8
7.925e6	2.7384e-8
7.975e6	2.7572e-8
8.025e6	2.7072e-8
8.075e6	2.6444e-8
8.125e6	2.6012e-8
8.175e6	2.5914e-8
8.225e6	2.5824e-8
8.275e6	2.4804e-8
8.325e6	2.4642e-8
8.375e6	2.435e-8
8.425e6	2.4276e-8
8.475e6	2.4114e-8
8.525e6	2.3316e-8
8.575e6	2.289e-8
8.625e6	2.2966e-8
8.675e6	2.2002e-8
8.725e6	2.1998e-8
8.775e6	2.138e-8
8.825e6	2.1358e-8
8.875e6	2.0606e-8
8.925e6	2.0678e-8
8.975e6	1.9894e-8
9.025e6	1.9806e-8
9.075e6	1.9746e-8
9.125e6	1.9524e-8
9.175e6	1.8984e-8
9.225e6	1.833e-8
9.275e6	1.8854e-8
9.325e6	1.8014e-8
9.375e6	1.762e-8
9.425e6	1.7462e-8
9.475e6	1.69e-8
9.525e6	1.7114e-8
9.575e6	1.6364e-8
9.625e6	1.6616e-8
9.675e6	1.6022e-8
9.725e6	1.5526e-8
9.775e6	1.5558e-8
9.825e6	1.4956e-8
9.875e6	1.4828e-8
9.925e6	1.4464e-8
9.975e6	1.4688e-8
1.0025e7	1.4252e-8
1.0075e7	1.356e-8
1.0125e7	1.327e-8
1.0175e7	1.3464e-8
1.0225e7	1.3036e-8
1.0275e7	1.283e-8
1.0325e7	1.253e-8
1.0375e7	1.2264e-8
1.0425e7	1.2502e-8
1.0475e7	1.181e-8
1.0525e7	1.1826e-8
1.0575e7	1.1404e-8
1.0625e7	1.1434e-8
1.0675e7	1.1274e-8
1.0725e7	1.0836e-8
1.0775e7	1.0696e-8
1.0825e7	1.0536e-8
1.0875e7	1.0088e-8
1.0925e7	9.79e-9
1.0975e7	9.756e-9
1.1025e7	9.694e-9
1.1075e7	9.486e-9
1.1125e7	9.014e-9
1.1175e7	9.26e-9
1.1225e7	8.922e-9
1.1275e7	8.764e-9
1.1325e7	8.568e-9
1.1375e7	8.404e-9
1.1425e7	8.022e-9
1.1475e7	8.024e-9
1.1525e7	7.762e-9
1.1575e7	7.796e-9
1.1625e7	7.52e-9
1.1675e7	7.448e-9
1.1725e7	7.29e-9
1.1775e7	6.912e-9
1.1825e7	7.06e-9
1.1875e7	6.612e-9
1.1925e7	6.54e-9
1.1975e7	6.492e-9
1.2025e7	6.328e-9
1.2075e7	6.188e-9
1.2125e7	6.064e-9
1.2175e7	6.064e-9
1.2225e7	5.942e-9
1.2275e7	5.552e-9
1.2325e7	5.558e-9
1.2375e7	5.302e-9
1.2425e7	5.226e-9
1.2475e7	5.274e-9
1.2525e7	4.976e-9
1.2575e7	4.994e-9
1.2625e7	4.918e-9
1.2675e7	4.656e-9
1.2725e7	4.554e-9
1.2775e7	4.552e-9
1.2825e7	4.47e-9
1.2875e7	4.568e-9
1.2925e7	4.328e-9
1.2975e7	3.832e-9
1.3025e7	4.108e-9
1.3075e7	3.76e-9
1.3125e7	3.932e-9
1.3175e7	3.828e-9
1.3225e7	3.678e-9
1.3275e7	3.61e-9
1.3325e7	3.29e-9
1.3375e7	3.284e-9
1.3425e7	3.41e-9
1.3475e7	3.26e-9
1.3525e7	3.234e-9
1.3575e7	2.98e-9
1.3625e7	2.978e-9
1.3675e7	2.85e-9
1.3725e7	2.916e-9
1.3775e7	2.78e-9
1.3825e7	2.778e-9
1.3875e7	2.568e-9
1.3925e7	2.706e-9
1.3975e7	2.52e-9
1.4025e7	2.458e-9
1.4075e7	2.35e-9
1.4125e7	2.32e-9
1.4175e7	2.218e-9
1.4225e7	2.248e-9
1.4275e7	2.126e-9
1.4325e7	2.05e-9
1.4375e7	2.124e-9
1.4425e7	1.912e-9
1.4475e7	1.896e-9
1.4525e7	2.024e-9
1.4575e7	1.832e-9
1.4625e7	1.842e-9
1.4675e7	1.76e-9
1.4725e7	1.642e-9
1.4775e7	1.574e-9
1.4825e7	1.434e-9
1.4875e7	1.586e-9
1.4925e7	1.61e-9
1.4975e7	1.534e-9
1.5025e7	1.428e-9
1.5075e7	1.406e-9
1.5125e7	1.272e-9
1.5175e7	1.378e-9
1.5225e7	1.324e-9
1.5275e7	1.202e-9
1.5325e7	1.306e-9
1.5375e7	1.254e-9
1.5425e7	1.214e-9
1.5475e7	1.14e-9
1.5525e7	1.03e-9
1.5575e7	1.098e-9
1.5625e7	1.048e-9
1.5675e7	1.072e-9
1.5725e7	9.66e-10
1.5775e7	8.82e-10
1.5825e7	9.78e-10
1.5875e7	8.56e-10
1.5925e7	8.94e-10
1.5975e7	8.66e-10
1.6025e7	8.7e-10
1.6075e7	7.7e-10
1.6125e7	8.44e-10
1.6175e7	7.26e-10
1.6225e7	7.24e-10
1.6275e7	7.28e-10
1.6325e7	7.22e-10
1.6375e7	7.2e-10
1.6425e7	6.16e-10
1.6475e7	6.22e-10
1.6525e7	6.42e-10
1.6575e7	5.84e-10
1.6625e7	5.74e-10
1.6675e7	5.2e-10
1.6725e7	6.42e-10
1.6775e7	5.32e-10
1.6825e7	5.78e-10
1.6875e7	5.12e-10
1.6925e7	5.14e-10
1.6975e7	4.84e-10
1.7025e7	4.36e-10
1.7075e7	4.26e-10
1.7125e7	4.44e-10
1.7175e7	4.26e-10
1.7225e7	4.16e-10
1.7275e7	3.92e-10
1.7325e7	3.74e-10
1.7375e7	3.78e-10
1.7425e7	3.4e-10
1.7475e7	3.34e-10
1.7525e7	3.16e-10
1.7575e7	2.86e-10
1.7625e7	3.06e-10
1.7675e7	3.04e-10
1.7725e7	3.26e-10
1.7775e7	2.78e-10
1.7825e7	3.1e-10
1.7875e7	3.02e-10
1.7925e7	2.44e-10
1.7975e7	2.58e-10
1.8025e7	2.96e-10
1.8075e7	2.56e-10
1.8125e7	2.26e-10
1.8175e7	2.38e-10
1.8225e7	2.52e-10
1.8275e7	1.94e-10
1.8325e7	2.02e-10
1.8375e7	1.78e-10
1.8425e7	1.92e-10
1.8475e7	1.84e-10
1.8525e7	1.82e-10
1.8575e7	1.98e-10
1.8625e7	1.46e-10
1.8675e7	1.42e-10
1.8725e7	1.66e-10
1.8775e7	1.14e-10
1.8825e7	1.48e-10
1.8875e7	1.06e-10
1.8925e7	1.54e-10
1.8975e7	1.2e-10
1.9025e7	1.04e-10
1.9075e7	1.26e-10
1.9125e7	1.16e-10
1.9175e7	1.08e-10
1.9225e7	1.24e-10
1.9275e7	9.4e-11
1.9325e7	7.8e-11
1.9375e7	1.12e-10
1.9425e7	1.08e-10
1.9475e7	9.2e-11
1.9525e7	7.4e-11
1.9575e7	9.0e-11
1.9625e7	8.0e-11
1.9675e7	6.8e-11
1.9725e7	6.8e-11
1.9775e7	5.6e-11
1.9825e7	4.4e-11
1.9875e7	5.6e-11
1.9925e7	7.0e-11
1.9975e7	7.4e-11
2.0025e7	6.0e-11
2.0075e7	5.8e-11
2.0125e7	5.4e-11
2.0175e7	6.4e-11
2.0225e7	4.4e-11
2.0275e7	4.8e-11
2.0325e7	5.2e-11
2.0375e7	3.6e-11
2.0425e7	4.6e-11
2.0475e7	4.6e-11
2.0525e7	7.0e-11
2.0575e7	4.2e-11
2.0625e7	3.6e-11
2.0675e7	3.4e-11
2.0725e7	3.6e-11
2.0775e7	3.4e-11
2.0825e7	3.0e-11
2.0875e7	3.6e-11
2.0925e7	2.8e-11
2.0975e7	3.2e-11
2.1025e7	4.4e-11
2.1075e7	2.0e-11
2.1125e7	2.2e-11
2.1175e7	2.6e-11
2.1225e7	3.4e-11
2.1275e7	2.8e-11
2.1325e7	3.2e-11
2.1375e7	2.4e-11
2.1425e7	2.4e-11
2.1475e7	1.6e-11
2.1525e7	1.6e-11
2.1575e7	1.4e-11
2.1625e7	6.0e-12
2.1675e7	1.8e-11
2.1725e7	1.6e-11
2.1775e7	1.8e-11
2.1825e7	1.8e-11
2.1875e7	1.6e-11
2.1925e7	1.8e-11
2.1975e7	4.0e-12
2.2025e7	2.2e-11
2.2075e7	1.8e-11
2.2125e7	2.2e-11
2.2175e7	2.2e-11
2.2225e7	6.0e-12
2.2275e7	1.0e-11
2.2325e7	0.0
2.2375e7	1.2e-11
2.2425e7	1.0e-11
2.2475e7	1.2e-11
2.2525e7	1.2e-11
2.2575e7	1.0e-11
2.2625e7	8.0e-12
2.2675e7	1.0e-11
2.2725e7	8.0e-12
2.2775e7	1.0e-11
2.2825e7	6.0e-12
2.2875e7	1.2e-11
2.2925e7	6.0e-12
2.2975e7	6.0e-12
2.3025e7	4.0e-12
2.3075e7	1.2e-11
2.3125e7	0.0
2.3175e7	0.0
2.3225e7	2.0e-12
2.3275e7	2.0e-12
2.3325e7	0.0
2.3375e7	1.0e-11
2.3425e7	4.0e-12
2.3475e7	0.0
2.3525e7	2.0e-12
2.3575e7	6.0e-12
2.3625e7	4.0e-12
2.3675e7	0.0
2.3725e7	4.0e-12
2.3775e7	6.0e-12
2.3825e7	0.0
2.3875e7	2.0e-12
2.3925e7	2.0e-12
2.3975e7	8.0e-12
2.4025e7	2.0e-12
2.4075e7	2.0e-12
2.4125e7	2.0e-12
2.4175e7	0.0
2.4225e7	2.0e-12
2.4275e7	0.0
2.4325e7	0.0
2.4375e7	2.0e-12
2.4425e7	2.0e-12
2.4475e7	0.0
2.4525e7	2.0e-12
2.4575e7	6.0e-12
2.4625e7	2.0e-12
2.4675e7	2.0e-12
2.4725e7	0.0
2.4775e7	2.0e-12
2.4825e7	0.0
2.4875e7	2.0e-12
2.4925e7	4.0e-12
2.4975e7	2.0e-12
2.5025e7	0.0
2.5075e7	2.0e-12
2.5125e7	0.0
2.5175e7	0.0
2.5225e7	2.0e-12
2.5275e7	0.0
2.5325e7	0.0
2.5375e7	0.0
2.5425e7	0.0
2.5475e7	0.0
2.5525e7	4.0e-12
2.5575e7	0.0
2.5625e7	0.0
2.5675e7	2.0e-12
2.5725e7	2.0e-12
2.5775e7	2.0e-12
2.5825e7	0.0
2.5875e7	0.0
2.5925e7	4.0e-12
2.5975e7	6.0e-12
2.6025e7	0.0
2.6075e7	0.0
2.6125e7	0.0
2.6175e7	0.0
2.6225e7	0.0
2.6275e7	0.0
2.6325e7	0.0
2.6375e7	0.0
2.6425e7	0.0
2.6475e7	0.0
2.6525e7	0.0
2.6575e7	0.0
2.6625e7	0.0
2.6675e7	0.0
2.6725e7	0.0
2.6775e7	0.0
2.6825e7	0.0
2.6875e7	0.0
2.6925e7	0.0
2.6975e7	0.0
2.7025e7	0.0
2.7075e7	0.0
2.7125e7	0.0
2.7175e7	0.0
2.7225e7	0.0
2.7275e7	0.0
2.7325e7	0.0
2.7375e7	0.0
2.7425e7	0.0
2.7475e7	0.0
2.7525e7	0.0
2.7575e7	0.0
2.7625e7	0.0
2.7675e7	0.0
2.7725e7	2.0e-12
