x	y
-5.75e6	5.0e-11
-5.73e6	0.0
-5.71e6	0.0
-5.69e6	0.0
-5.67e6	0.0
-5.65e6	0.0
-5.63e6	0.0
-5.61e6	0.0
-5.59e6	0.0
-5.57e6	0.0
-5.55e6	0.0
-5.53e6	0.0
-5.51e6	0.0
-5.49e6	0.0
-5.47e6	5.0e-11
-5.45e6	0.0
-5.43e6	0.0
-5.41e6	0.0
-5.39e6	0.0
-5.37e6	0.0
-5.35e6	5.0e-11
-5.33e6	0.0
-5.31e6	0.0
-5.29e6	0.0
-5.27e6	0.0
-5.25e6	0.0
-5.23e6	0.0
-5.21e6	0.0
-5.19e6	0.0
-5.17e6	0.0
-5.15e6	5.0e-11
-5.13e6	0.0
-5.11e6	0.0
-5.09e6	0.0
-5.07e6	0.0
-5.05e6	0.0
-5.03e6	0.0
-5.01e6	0.0
-4.99e6	0.0
-4.97e6	0.0
-4.95e6	0.0
-4.93e6	0.0
-4.91e6	0.0
-4.89e6	0.0
-4.87e6	5.0e-11
-4.85e6	0.0
-4.83e6	5.0e-11
-4.81e6	1.5e-10
-4.79e6	1.0e-10
-4.77e6	1.0e-10
-4.75e6	5.0e-11
-4.73e6	0.0
-4.71e6	1.0e-10
-4.69e6	1.0e-10
-4.67e6	0.0
-4.65e6	0.0
-4.63e6	1.0e-10
-4.61e6	5.0e-11
-4.59e6	5.0e-11
-4.57e6	1.0e-10
-4.55e6	0.0
-4.53e6	5.0e-11
-4.51e6	0.0
-4.49e6	1.5e-10
-4.47e6	1.0e-10
-4.45e6	1.0e-10
-4.43e6	1.0e-10
-4.41e6	0.0
-4.39e6	5.0e-11
-4.37e6	1.0e-10
-4.35e6	1.5e-10
-4.33e6	1.0e-10
-4.31e6	5.0e-11
-4.29e6	3.0e-10
-4.27e6	1.0e-10
-4.25e6	3.5e-10
-4.23e6	2.5e-10
-4.21e6	3.0e-10
-4.19e6	1.0e-10
-4.17e6	1.5e-10
-4.15e6	2.5e-10
-4.13e6	2.5e-10
-4.11e6	2.0e-10
-4.09e6	2.0e-10
-4.07e6	4.5e-10
-4.05e6	3.5e-10
-4.03e6	2.0e-10
-4.01e6	2.5e-10
-3.99e6	4.5e-10
-3.97e6	2.5e-10
-3.95e6	5.5e-10
-3.93e6	4.0e-10
-3.91e6	2.5e-10
-3.89e6	4.0e-10
-3.87e6	4.5e-10
-3.85e6	6.5e-10
-3.83e6	8.5e-10
-3.81e6	8.5e-10
-3.79e6	8.0e-10
-3.77e6	9.0e-10
-3.75e6	8.5e-10
-3.73e6	4.0e-10
-3.71e6	9.0e-10
-3.69e6	9.0e-10
-3.67e6	6.0e-10
-3.65e6	8.0e-10
-3.63e6	7.5e-10
-3.61e6	1.15e-9
-3.59e6	8.5e-10
-3.57e6	1.2e-9
-3.55e6	1.25e-9
-3.53e6	1.25e-9
-3.51e6	1.35e-9
-3.49e6	1.35e-9
-3.47e6	1.05e-9
-3.45e6	1.65e-9
-3.43e6	1.45e-9
-3.41e6	1.5e-9
-3.39e6	1.95e-9
-3.37e6	2.1e-9
-3.35e6	2.2e-9
-3.33e6	2.0e-9
-3.31e6	2.1e-9
-3.29e6	2.4e-9
-3.27e6	2.1e-9
-3.25e6	2.5e-9
-3.23e6	2.85e-9
-3.21e6	2.55e-9
-3.19e6	3.0e-9
-3.17e6	3.1e-9
-3.15e6	3.65e-9
-3.13e6	3.55e-9
-3.11e6	3.25e-9
-3.09e6	2.95e-9
-3.07e6	4.1e-9
-3.05e6	4.7e-9
-3.03e6	3.75e-9
-3.01e6	4.5e-9
-2.99e6	5.4e-9
-2.97e6	4.8e-9
-2.95e6	5.4e-9
-2.93e6	5.75e-9
-2.91e6	5.5e-9
-2.89e6	6.35e-9
-2.87e6	5.3e-9
-2.85e6	6.85e-9
-2.83e6	7.25e-9
-2.81e6	6.35e-9
-2.79e6	8.3e-9
-2.77e6	8.5e-9
-2.75e6	8.05e-9
-2.73e6	7.85e-9
-2.71e6	8.85e-9
-2.69e6	9.45e-9
-2.67e6	9.95e-9
-2.65e6	1.135e-8
-2.63e6	9.05e-9
-2.61e6	1.025e-8
-2.59e6	1.145e-8
-2.57e6	1.25e-8
-2.55e6	1.31e-8
-2.53e6	1.245e-8
-2.51e6	1.245e-8
-2.49e6	1.35e-8
-2.47e6	1.515e-8
-2.45e6	1.395e-8
-2.43e6	1.44e-8
-2.41e6	1.525e-8
-2.39e6	1.655e-8
-2.37e6	1.715e-8
-2.35e6	1.745e-8
-2.33e6	1.795e-8
-2.31e6	2.03e-8
-2.29e6	1.955e-8
-2.27e6	1.895e-8
-2.25e6	2.17e-8
-2.23e6	2.275e-8
-2.21e6	2.295e-8
-2.19e6	2.275e-8
-2.17e6	2.52e-8
-2.15e6	2.52e-8
-2.13e6	2.59e-8
-2.11e6	2.755e-8
-2.09e6	2.88e-8
-2.07e6	2.765e-8
-2.05e6	2.88e-8
-2.03e6	3.17e-8
-2.01e6	3.365e-8
-1.99e6	3.73e-8
-1.97e6	3.315e-8
-1.95e6	3.27e-8
-1.93e6	3.8e-8
-1.91e6	3.76e-8
-1.89e6	3.86e-8
-1.87e6	4.015e-8
-1.85e6	4.43e-8
-1.83e6	4.18e-8
-1.81e6	4.535e-8
-1.79e6	4.375e-8
-1.77e6	4.92e-8
-1.75e6	4.725e-8
-1.73e6	4.89e-8
-1.71e6	5.35e-8
-1.69e6	5.26e-8
-1.67e6	5.395e-8
-1.65e6	5.43e-8
-1.63e6	5.735e-8
-1.61e6	5.805e-8
-1.59e6	5.76e-8
-1.57e6	6.31e-8
-1.55e6	6.675e-8
-1.53e6	6.57e-8
-1.51e6	6.61e-8
-1.49e6	6.445e-8
-1.47e6	6.9e-8
-1.45e6	7.7e-8
-1.43e6	7.27e-8
-1.41e6	7.39e-8
-1.39e6	7.675e-8
-1.37e6	8.005e-8
-1.35e6	8.425e-8
-1.33e6	8.485e-8
-1.31e6	8.575e-8
-1.29e6	8.905e-8
-1.27e6	9.135e-8
-1.25e6	9.15e-8
-1.23e6	9.545e-8
-1.21e6	9.59e-8
-1.19e6	1.0205e-7
-1.17e6	1.0165e-7
-1.15e6	1.077e-7
-1.13e6	1.0985e-7
-1.11e6	1.055e-7
-1.09e6	1.1005e-7
-1.07e6	1.1485e-7
-1.05e6	1.151e-7
-1.03e6	1.1495e-7
-1.01e6	1.1945e-7
-990000.0	1.2235e-7
-970000.0	1.304e-7
-950000.0	1.2825e-7
-930000.0	1.2865e-7
-910000.0	1.36e-7
-890000.0	1.3985e-7
-870000.0	1.3505e-7
-850000.0	1.388e-7
-830000.0	1.4415e-7
-810000.0	1.456e-7
-790000.0	1.523e-7
-770000.0	1.5565e-7
-750000.0	1.5575e-7
-730000.0	1.551e-7
-710000.0	1.6345e-7
-690000.0	1.6065e-7
-670000.0	1.6835e-7
-650000.0	1.7025e-7
-630000.0	1.712e-7
-610000.0	1.7495e-7
-590000.0	1.7945e-7
-570000.0	1.816e-7
-550000.0	1.8555e-7
-530000.0	1.9155e-7
-510000.0	1.8775e-7
-490000.0	1.9385e-7
-470000.0	1.9205e-7
-450000.0	1.9385e-7
-430000.0	2.0085e-7
-410000.0	2.0425e-7
-390000.0	2.11e-7
-370000.0	2.1275e-7
-350000.0	2.102e-7
-330000.0	2.1385e-7
-310000.0	2.142e-7
-290000.0	2.231e-7
-270000.0	2.173e-7
-250000.0	2.293e-7
-230000.0	2.31e-7
-210000.0	2.2875e-7
-190000.0	2.3455e-7
-170000.0	2.3235e-7
-150000.0	2.322e-7
-130000.0	2.448e-7
-110000.0	2.481e-7
-90000.0	2.3875e-7
-70000.0	2.509e-7
-50000.0	2.495e-7
-30000.0	2.5135e-7
-10000.0	2.524e-7
10000.0	2.5665e-7
30000.0	2.654e-7
50000.0	2.608e-7
70000.0	2.616e-7
90000.0	2.7095e-7
110000.0	2.653e-7
130000.0	2.664e-7
150000.0	2.7805e-7
170000.0	2.701e-7
190000.0	2.757e-7
210000.0	2.7765e-7
230000.0	2.7875e-7
250000.0	2.788e-7
270000.0	2.8315e-7
290000.0	2.795e-7
310000.0	2.8325e-7
330000.0	2.8545e-7
350000.0	2.8765e-7
370000.0	2.8705e-7
390000.0	2.8655e-7
410000.0	2.876e-7
430000.0	2.9435e-7
450000.0	2.905e-7
470000.0	2.973e-7
490000.0	2.84e-7
510000.0	2.9955e-7
530000.0	2.9945e-7
550000.0	3.013e-7
570000.0	2.9545e-7
590000.0	3.042e-7
610000.0	2.989e-7
630000.0	2.9405e-7
650000.0	2.995e-7
670000.0	3.01e-7
690000.0	2.9855e-7
710000.0	3.0495e-7
730000.0	3.0155e-7
750000.0	3.004e-7
770000.0	3.078e-7
790000.0	2.9795e-7
810000.0	3.0605e-7
830000.0	2.9825e-7
850000.0	3.053e-7
870000.0	2.995e-7
890000.0	2.992e-7
910000.0	2.9815e-7
930000.0	2.9475e-7
950000.0	2.9715e-7
970000.0	2.975e-7
990000.0	2.9275e-7
1.01e6	2.9935e-7
1.03e6	2.943e-7
1.05e6	2.9095e-7
1.07e6	3.002e-7
1.09e6	2.937e-7
1.11e6	2.874e-7
1.13e6	2.885e-7
1.15e6	2.865e-7
1.17e6	2.79e-7
1.19e6	2.863e-7
1.21e6	2.8295e-7
1.23e6	2.814e-7
1.25e6	2.827e-7
1.27e6	2.8e-7
1.29e6	2.7685e-7
1.31e6	2.77e-7
1.33e6	2.7635e-7
1.35e6	2.676e-7
1.37e6	2.7685e-7
1.39e6	2.626e-7
1.41e6	2.6855e-7
1.43e6	2.656e-7
1.45e6	2.701e-7
1.47e6	2.6575e-7
1.49e6	2.5805e-7
1.51e6	2.5545e-7
1.53e6	2.587e-7
1.55e6	2.552e-7
1.57e6	2.5855e-7
1.59e6	2.473e-7
1.61e6	2.474e-7
1.63e6	2.382e-7
1.65e6	2.4115e-7
1.67e6	2.355e-7
1.69e6	2.311e-7
1.71e6	2.272e-7
1.73e6	2.2905e-7
1.75e6	2.2775e-7
1.77e6	2.277e-7
1.79e6	2.252e-7
1.81e6	2.16e-7
1.83e6	2.1755e-7
1.85e6	2.1405e-7
1.87e6	2.178e-7
1.89e6	2.0675e-7
1.91e6	2.0715e-7
1.93e6	2.1115e-7
1.95e6	2.0345e-7
1.97e6	2.0195e-7
1.99e6	1.96e-7
2.01e6	1.9295e-7
2.03e6	1.8635e-7
2.05e6	1.897e-7
2.07e6	1.9145e-7
2.09e6	1.8265e-7
2.11e6	1.76e-7
2.13e6	1.7955e-7
2.15e6	1.745e-7
2.17e6	1.716e-7
2.19e6	1.694e-7
2.21e6	1.7095e-7
2.23e6	1.65e-7
2.25e6	1.662e-7
2.27e6	1.6195e-7
2.29e6	1.552e-7
2.31e6	1.4985e-7
2.33e6	1.52e-7
2.35e6	1.462e-7
2.37e6	1.4385e-7
2.39e6	1.403e-7
2.41e6	1.3505e-7
2.43e6	1.3925e-7
2.45e6	1.364e-7
2.47e6	1.3105e-7
2.49e6	1.3185e-7
2.51e6	1.282e-7
2.53e6	1.2535e-7
2.55e6	1.295e-7
2.57e6	1.23e-7
2.59e6	1.1835e-7
2.61e6	1.1145e-7
2.63e6	1.1505e-7
2.65e6	1.093e-7
2.67e6	1.1065e-7
2.69e6	1.059e-7
2.71e6	1.0555e-7
2.73e6	1.0145e-7
2.75e6	1.001e-7
2.77e6	9.77e-8
2.79e6	9.685e-8
2.81e6	9.515e-8
2.83e6	9.085e-8
2.85e6	9.25e-8
2.87e6	8.725e-8
2.89e6	8.535e-8
2.91e6	8.125e-8
2.93e6	8.21e-8
2.95e6	7.835e-8
2.97e6	7.59e-8
2.99e6	7.235e-8
3.01e6	7.355e-8
3.03e6	7.355e-8
3.05e6	6.965e-8
3.07e6	7.09e-8
3.09e6	6.52e-8
3.11e6	6.49e-8
3.13e6	5.95e-8
3.15e6	6.215e-8
3.17e6	6.035e-8
3.19e6	5.65e-8
3.21e6	5.7e-8
3.23e6	5.42e-8
3.25e6	5.27e-8
3.27e6	4.845e-8
3.29e6	4.93e-8
3.31e6	4.585e-8
3.33e6	5.045e-8
3.35e6	4.36e-8
3.37e6	4.065e-8
3.39e6	4.22e-8
3.41e6	4.38e-8
3.43e6	4.185e-8
3.45e6	3.78e-8
3.47e6	4.21e-8
3.49e6	3.665e-8
3.51e6	3.62e-8
3.53e6	3.535e-8
3.55e6	3.23e-8
3.57e6	3.29e-8
3.59e6	3.43e-8
3.61e6	2.96e-8
3.63e6	3.045e-8
3.65e6	3.075e-8
3.67e6	2.865e-8
3.69e6	2.805e-8
3.71e6	2.5e-8
3.73e6	2.835e-8
3.75e6	2.345e-8
3.77e6	2.325e-8
3.79e6	2.275e-8
3.81e6	2.345e-8
3.83e6	2.14e-8
3.85e6	1.975e-8
3.87e6	1.96e-8
3.89e6	1.955e-8
3.91e6	2.11e-8
3.93e6	1.895e-8
3.95e6	1.83e-8
3.97e6	1.725e-8
3.99e6	1.565e-8
4.01e6	1.675e-8
4.03e6	1.445e-8
4.05e6	1.525e-8
4.07e6	1.295e-8
4.09e6	1.37e-8
4.11e6	1.22e-8
4.13e6	1.225e-8
4.15e6	1.315e-8
4.17e6	1.155e-8
4.19e6	1.01e-8
4.21e6	1.095e-8
4.23e6	9.6e-9
4.25e6	1.005e-8
4.27e6	8.9e-9
4.29e6	9.5e-9
4.31e6	9.75e-9
4.33e6	8.8e-9
4.35e6	8.2e-9
4.37e6	7.95e-9
4.39e6	8.25e-9
4.41e6	8.0e-9
4.43e6	7.75e-9
4.45e6	7.0e-9
4.47e6	7.4e-9
4.49e6	6.05e-9
4.51e6	6.35e-9
4.53e6	6.05e-9
4.55e6	6.05e-9
4.57e6	5.9e-9
4.59e6	5.2e-9
4.61e6	4.05e-9
4.63e6	4.3e-9
4.65e6	4.55e-9
4.67e6	4.2e-9
4.69e6	4.85e-9
4.71e6	4.75e-9
4.73e6	3.55e-9
4.75e6	3.45e-9
4.77e6	3.25e-9
4.79e6	3.55e-9
4.81e6	2.8e-9
4.83e6	2.6e-9
4.85e6	3.4e-9
4.87e6	2.85e-9
4.89e6	2.25e-9
4.91e6	2.5e-9
4.93e6	2.7e-9
4.95e6	2.55e-9
4.97e6	1.95e-9
4.99e6	1.7e-9
5.01e6	2.25e-9
5.03e6	2.5e-9
5.05e6	1.35e-9
5.07e6	1.7e-9
5.09e6	1.9e-9
5.11e6	1.6e-9
5.13e6	1.9e-9
5.15e6	1.75e-9
5.17e6	1.75e-9
5.19e6	1.35e-9
5.21e6	1.15e-9
5.23e6	1.25e-9
5.25e6	9.5e-10
5.27e6	1.05e-9
5.29e6	1.2e-9
5.31e6	9.0e-10
5.33e6	9.0e-10
5.35e6	8.5e-10
5.37e6	6.0e-10
5.39e6	6.5e-10
5.41e6	7.0e-10
5.43e6	4.0e-10
5.45e6	5.0e-10
5.47e6	7.5e-10
5.49e6	5.5e-10
5.51e6	8.0e-10
5.53e6	8.5e-10
5.55e6	6.5e-10
5.57e6	4.0e-10
5.59e6	4.0e-10
5.61e6	3.0e-10
5.63e6	4.0e-10
5.65e6	4.0e-10
5.67e6	4.0e-10
5.69e6	3.5e-10
5.71e6	4.0e-10
5.73e6	3.0e-10
5.75e6	6.5e-10
5.77e6	2.5e-10
5.79e6	4.0e-10
5.81e6	2.5e-10
5.83e6	2.5e-10
5.85e6	4.5e-10
5.87e6	3.5e-10
5.89e6	4.0e-10
5.91e6	2.5e-10
5.93e6	2.5e-10
5.95e6	1.5e-10
5.97e6	1.0e-10
5.99e6	1.0e-10
6.01e6	1.0e-10
6.03e6	1.0e-10
6.05e6	1.0e-10
6.07e6	1.0e-10
6.09e6	1.0e-10
6.11e6	5.0e-11
6.13e6	1.5e-10
6.15e6	1.5e-10
6.17e6	1.5e-10
6.19e6	1.0e-10
6.21e6	0.0
6.23e6	0.0
6.25e6	5.0e-11
6.27e6	0.0
6.29e6	0.0
6.31e6	5.0e-11
6.33e6	5.0e-11
6.35e6	0.0
6.37e6	0.0
6.39e6	0.0
6.41e6	5.0e-11
6.43e6	1.0e-10
6.45e6	5.0e-11
6.47e6	5.0e-11
6.49e6	0.0
6.51e6	0.0
6.53e6	5.0e-11
6.55e6	0.0
6.57e6	0.0
6.59e6	0.0
6.61e6	1.0e-10
6.63e6	5.0e-11
6.65e6	1.0e-10
6.67e6	0.0
6.69e6	0.0
6.71e6	5.0e-11
6.73e6	0.0
6.75e6	5.0e-11
6.77e6	0.0
6.79e6	5.0e-11
6.81e6	0.0
6.83e6	5.0e-11
6.85e6	5.0e-11
6.87e6	0.0
6.89e6	0.0
6.91e6	0.0
6.93e6	1.0e-10
6.95e6	0.0
6.97e6	0.0
6.99e6	0.0
7.01e6	5.0e-11
7.03e6	0.0
7.05e6	0.0
7.07e6	5.0e-11
7.09e6	0.0
7.11e6	0.0
7.13e6	0.0
7.15e6	0.0
7.17e6	0.0
7.19e6	0.0
7.21e6	0.0
7.23e6	0.0
7.25e6	0.0
7.27e6	0.0
7.29e6	0.0
7.31e6	0.0
7.33e6	0.0
7.35e6	5.0e-11
