x	y
-1.7475e6	2.0e-11
-1.7425e6	0.0
-1.7375e6	0.0
-1.7325e6	0.0
-1.7275e6	0.0
-1.7225e6	0.0
-1.7175e6	0.0
-1.7125e6	0.0
-1.7075e6	0.0
-1.7025e6	0.0
-1.6975e6	0.0
-1.6925e6	0.0
-1.6875e6	0.0
-1.6825e6	0.0
-1.6775e6	0.0
-1.6725e6	0.0
-1.6675e6	0.0
-1.6625e6	0.0
-1.6575e6	0.0
-1.6525e6	0.0
-1.6475e6	0.0
-1.6425e6	0.0
-1.6375e6	0.0
-1.6325e6	0.0
-1.6275e6	0.0
-1.6225e6	0.0
-1.6175e6	0.0
-1.6125e6	0.0
-1.6075e6	0.0
-1.6025e6	0.0
-1.5975e6	0.0
-1.5925e6	0.0
-1.5875e6	0.0
-1.5825e6	0.0
-1.5775e6	0.0
-1.5725e6	0.0
-1.5675e6	0.0
-1.5625e6	0.0
-1.5575e6	0.0
-1.5525e6	0.0
-1.5475e6	0.0
-1.5425e6	0.0
-1.5375e6	0.0
-1.5325e6	0.0
-1.5275e6	0.0
-1.5225e6	0.0
-1.5175e6	0.0
-1.5125e6	0.0
-1.5075e6	0.0
-1.5025e6	0.0
-1.4975e6	0.0
-1.4925e6	0.0
-1.4875e6	0.0
-1.4825e6	0.0
-1.4775e6	0.0
-1.4725e6	0.0
-1.4675e6	0.0
-1.4625e6	0.0
-1.4575e6	0.0
-1.4525e6	0.0
-1.4475e6	0.0
-1.4425e6	0.0
-1.4375e6	0.0
-1.4325e6	0.0
-1.4275e6	0.0
-1.4225e6	0.0
-1.4175e6	0.0
-1.4125e6	0.0
-1.4075e6	0.0
-1.4025e6	0.0
-1.3975e6	0.0
-1.3925e6	2.0e-11
-1.3875e6	0.0
-1.3825e6	0.0
-1.3775e6	0.0
-1.3725e6	0.0
-1.3675e6	0.0
-1.3625e6	0.0
-1.3575e6	0.0
-1.3525e6	0.0
-1.3475e6	0.0
-1.3425e6	0.0
-1.3375e6	0.0
-1.3325e6	0.0
-1.3275e6	0.0
-1.3225e6	2.0e-11
-1.3175e6	0.0
-1.3125e6	0.0
-1.3075e6	0.0
-1.3025e6	0.0
-1.2975e6	0.0
-1.2925e6	0.0
-1.2875e6	0.0
-1.2825e6	4.0e-11
-1.2775e6	0.0
-1.2725e6	0.0
-1.2675e6	0.0
-1.2625e6	2.0e-11
-1.2575e6	2.0e-11
-1.2525e6	0.0
-1.2475e6	0.0
-1.2425e6	0.0
-1.2375e6	0.0
-1.2325e6	0.0
-1.2275e6	0.0
-1.2225e6	0.0
-1.2175e6	0.0
-1.2125e6	2.0e-11
-1.2075e6	0.0
-1.2025e6	0.0
-1.1975e6	0.0
-1.1925e6	0.0
-1.1875e6	2.0e-11
-1.1825e6	0.0
-1.1775e6	0.0
-1.1725e6	2.0e-11
-1.1675e6	0.0
-1.1625e6	2.0e-11
-1.1575e6	0.0
-1.1525e6	2.0e-11
-1.1475e6	0.0
-1.1425e6	0.0
-1.1375e6	0.0
-1.1325e6	2.0e-11
-1.1275e6	0.0
-1.1225e6	0.0
-1.1175e6	0.0
-1.1125e6	0.0
-1.1075e6	0.0
-1.1025e6	2.0e-11
-1.0975e6	2.0e-11
-1.0925e6	2.0e-11
-1.0875e6	4.0e-11
-1.0825e6	0.0
-1.0775e6	0.0
-1.0725e6	0.0
-1.0675e6	4.0e-11
-1.0625e6	6.0e-11
-1.0575e6	2.0e-11
-1.0525e6	2.0e-11
-1.0475e6	0.0
-1.0425e6	2.0e-11
-1.0375e6	2.0e-11
-1.0325e6	0.0
-1.0275e6	2.0e-11
-1.0225e6	2.0e-11
-1.0175e6	0.0
-1.0125e6	4.0e-11
-1.0075e6	0.0
-1.0025e6	2.0e-11
-997500.0	6.0e-11
-992500.0	2.0e-11
-987500.0	4.0e-11
-982500.0	6.0e-11
-977500.0	2.0e-11
-972500.0	2.0e-11
-967500.0	8.0e-11
-962500.0	0.0
-957500.0	2.0e-11
-952500.0	2.0e-11
-947500.0	0.0
-942500.0	4.0e-11
-937500.0	8.0e-11
-932500.0	2.0e-11
-927500.0	4.0e-11
-922500.0	6.0e-11
-917500.0	0.0
-912500.0	6.0e-11
-907500.0	6.0e-11
-902500.0	1.0e-10
-897500.0	6.0e-11
-892500.0	8.0e-11
-887500.0	1.0e-10
-882500.0	8.0e-11
-877500.0	6.0e-11
-872500.0	6.0e-11
-867500.0	6.0e-11
-862500.0	1.2e-10
-857500.0	1.2e-10
-852500.0	1.0e-10
-847500.0	4.0e-11
-842500.0	1.2e-10
-837500.0	8.0e-11
-832500.0	1.2e-10
-827500.0	1.2e-10
-822500.0	6.0e-11
-817500.0	1.4e-10
-812500.0	1.0e-10
-807500.0	8.0e-11
-802500.0	4.0e-11
-797500.0	1.0e-10
-792500.0	1.2e-10
-787500.0	1.2e-10
-782500.0	8.0e-11
-777500.0	1.8e-10
-772500.0	1.4e-10
-767500.0	1.0e-10
-762500.0	8.0e-11
-757500.0	1.8e-10
-752500.0	1.8e-10
-747500.0	1.8e-10
-742500.0	1.2e-10
-737500.0	2.6e-10
-732500.0	1.4e-10
-727500.0	1.6e-10
-722500.0	2.2e-10
-717500.0	1.6e-10
-712500.0	2.0e-10
-707500.0	1.0e-10
-702500.0	2.8e-10
-697500.0	1.6e-10
-692500.0	1.8e-10
-687500.0	1.6e-10
-682500.0	2.6e-10
-677500.0	2.8e-10
-672500.0	3.2e-10
-667500.0	1.6e-10
-662500.0	3.6e-10
-657500.0	2.8e-10
-652500.0	3.6e-10
-647500.0	3.2e-10
-642500.0	4.8e-10
-637500.0	4.8e-10
-632500.0	4.6e-10
-627500.0	2.8e-10
-622500.0	3.6e-10
-617500.0	3.6e-10
-612500.0	3.8e-10
-607500.0	5.0e-10
-602500.0	7.0e-10
-597500.0	7.0e-10
-592500.0	6.2e-10
-587500.0	4.2e-10
-582500.0	5.0e-10
-577500.0	5.4e-10
-572500.0	8.4e-10
-567500.0	6.0e-10
-562500.0	6.0e-10
-557500.0	6.8e-10
-552500.0	6.8e-10
-547500.0	8.6e-10
-542500.0	7.8e-10
-537500.0	9.4e-10
-532500.0	1.08e-9
-527500.0	1.08e-9
-522500.0	7.6e-10
-517500.0	1.04e-9
-512500.0	8.2e-10
-507500.0	9.4e-10
-502500.0	9.0e-10
-497500.0	1.04e-9
-492500.0	1.18e-9
-487500.0	1.12e-9
-482500.0	1.24e-9
-477500.0	1.4e-9
-472500.0	1.06e-9
-467500.0	1.28e-9
-462500.0	1.5e-9
-457500.0	1.58e-9
-452500.0	1.7e-9
-447500.0	1.38e-9
-442500.0	1.78e-9
-437500.0	1.74e-9
-432500.0	1.56e-9
-427500.0	1.92e-9
-422500.0	2.04e-9
-417500.0	2.02e-9
-412500.0	2.12e-9
-407500.0	2.6e-9
-402500.0	2.0e-9
-397500.0	2.26e-9
-392500.0	2.5e-9
-387500.0	2.6e-9
-382500.0	2.5e-9
-377500.0	3.02e-9
-372500.0	2.38e-9
-367500.0	3.0e-9
-362500.0	3.06e-9
-357500.0	3.84e-9
-352500.0	3.22e-9
-347500.0	3.68e-9
-342500.0	3.86e-9
-337500.0	3.94e-9
-332500.0	3.56e-9
-327500.0	3.66e-9
-322500.0	3.86e-9
-317500.0	4.32e-9
-312500.0	4.86e-9
-307500.0	4.04e-9
-302500.0	4.22e-9
-297500.0	4.78e-9
-292500.0	5.08e-9
-287500.0	5.1e-9
-282500.0	4.98e-9
-277500.0	5.64e-9
-272500.0	6.4e-9
-267500.0	6.22e-9
-262500.0	7.68e-9
-257500.0	6.86e-9
-252500.0	7.46e-9
-247500.0	7.32e-9
-242500.0	7.82e-9
-237500.0	7.46e-9
-232500.0	8.02e-9
-227500.0	7.06e-9
-222500.0	8.4e-9
-217500.0	9.18e-9
-212500.0	9.72e-9
-207500.0	9.56e-9
-202500.0	1.06e-8
-197500.0	1.072e-8
-192500.0	1.058e-8
-187500.0	1.26e-8
-182500.0	1.15e-8
-177500.0	1.228e-8
-172500.0	1.298e-8
-167500.0	1.262e-8
-162500.0	1.28e-8
-157500.0	1.458e-8
-152500.0	1.442e-8
-147500.0	1.552e-8
-142500.0	1.654e-8
-137500.0	1.694e-8
-132500.0	1.766e-8
-127500.0	1.838e-8
-122500.0	1.996e-8
-117500.0	2.012e-8
-112500.0	2.014e-8
-107500.0	2.132e-8
-102500.0	2.292e-8
-97500.0	2.348e-8
-92500.0	2.45e-8
-87500.0	2.446e-8
-82500.0	2.574e-8
-77500.0	2.514e-8
-72500.0	2.714e-8
-67500.0	2.858e-8
-62500.0	2.932e-8
-57500.0	3.198e-8
-52500.0	3.28e-8
-47500.0	3.52e-8
-42500.0	3.588e-8
-37500.0	3.876e-8
-32500.0	3.92e-8
-27500.0	3.978e-8
-22500.0	4.062e-8
-17500.0	4.358e-8
-12500.0	4.684e-8
-7500.0	4.77e-8
-2500.0	4.966e-8
2500.0	5.118e-8
7500.0	5.402e-8
12500.0	5.656e-8
17500.0	5.8e-8
22500.0	6.26e-8
27500.0	6.214e-8
32500.0	6.46e-8
37500.0	6.776e-8
42500.0	6.956e-8
47500.0	7.302e-8
52500.0	7.822e-8
57500.0	8.254e-8
62500.0	8.444e-8
67500.0	8.696e-8
72500.0	9.04e-8
77500.0	9.356e-8
82500.0	9.672e-8
87500.0	1.0108e-7
92500.0	1.0502e-7
97500.0	1.125e-7
102500.0	1.1512e-7
107500.0	1.2108e-7
112500.0	1.2676e-7
117500.0	1.3134e-7
122500.0	1.37e-7
127500.0	1.4656e-7
132500.0	1.4956e-7
137500.0	1.5644e-7
142500.0	1.6628e-7
147500.0	1.717e-7
152500.0	1.8146e-7
157500.0	1.8594e-7
162500.0	1.955e-7
167500.0	2.048e-7
172500.0	2.136e-7
177500.0	2.2344e-7
182500.0	2.2932e-7
187500.0	2.4322e-7
192500.0	2.5392e-7
197500.0	2.6526e-7
202500.0	2.8244e-7
207500.0	2.9354e-7
212500.0	3.068e-7
217500.0	3.1662e-7
222500.0	3.3176e-7
227500.0	3.4724e-7
232500.0	3.692e-7
237500.0	3.824e-7
242500.0	4.0578e-7
247500.0	4.2252e-7
252500.0	4.4314e-7
257500.0	4.6546e-7
262500.0	4.8748e-7
267500.0	5.1374e-7
272500.0	5.3534e-7
277500.0	5.6834e-7
282500.0	5.975e-7
287500.0	6.2636e-7
292500.0	6.6598e-7
297500.0	6.9646e-7
302500.0	7.3024e-7
307500.0	7.7352e-7
312500.0	8.1498e-7
317500.0	8.556e-7
322500.0	9.0374e-7
327500.0	9.5362e-7
332500.0	9.9688e-7
337500.0	1.05788e-6
342500.0	1.1088e-6
347500.0	1.17966e-6
352500.0	1.2361e-6
357500.0	1.3051e-6
362500.0	1.39006e-6
367500.0	1.45888e-6
372500.0	1.52714e-6
377500.0	1.62472e-6
382500.0	1.70462e-6
387500.0	1.80156e-6
392500.0	1.9e-6
397500.0	1.9836e-6
402500.0	2.07676e-6
407500.0	2.18752e-6
412500.0	2.27202e-6
417500.0	2.3739e-6
422500.0	2.4783e-6
427500.0	2.56896e-6
432500.0	2.65676e-6
437500.0	2.74018e-6
442500.0	2.81126e-6
447500.0	2.88758e-6
452500.0	2.95514e-6
457500.0	3.00182e-6
462500.0	3.05598e-6
467500.0	3.08372e-6
472500.0	3.10524e-6
477500.0	3.12406e-6
482500.0	3.13326e-6
487500.0	3.11302e-6
492500.0	3.09992e-6
497500.0	3.06848e-6
502500.0	3.06314e-6
507500.0	2.99602e-6
512500.0	2.9544e-6
517500.0	2.91076e-6
522500.0	2.85442e-6
527500.0	2.79446e-6
532500.0	2.73664e-6
537500.0	2.67074e-6
542500.0	2.6012e-6
547500.0	2.5195e-6
552500.0	2.45902e-6
557500.0	2.37618e-6
562500.0	2.31178e-6
567500.0	2.24272e-6
572500.0	2.1734e-6
577500.0	2.09244e-6
582500.0	2.02634e-6
587500.0	1.96704e-6
592500.0	1.91136e-6
597500.0	1.83968e-6
602500.0	1.76364e-6
607500.0	1.70842e-6
612500.0	1.65032e-6
617500.0	1.59368e-6
622500.0	1.53636e-6
627500.0	1.49e-6
632500.0	1.42864e-6
637500.0	1.37628e-6
642500.0	1.31574e-6
647500.0	1.28034e-6
652500.0	1.24188e-6
657500.0	1.18784e-6
662500.0	1.15008e-6
667500.0	1.11034e-6
672500.0	1.07126e-6
677500.0	1.03348e-6
682500.0	9.9182e-7
687500.0	9.6794e-7
692500.0	9.2398e-7
697500.0	8.9286e-7
702500.0	8.6138e-7
707500.0	8.3008e-7
712500.0	8.077e-7
717500.0	7.7468e-7
722500.0	7.482e-7
727500.0	7.2556e-7
732500.0	7.004e-7
737500.0	6.774e-7
742500.0	6.6058e-7
747500.0	6.39e-7
752500.0	6.1714e-7
757500.0	5.9418e-7
762500.0	5.7854e-7
767500.0	5.513e-7
772500.0	5.3598e-7
777500.0	5.2272e-7
782500.0	5.097e-7
787500.0	4.8608e-7
792500.0	4.781e-7
797500.0	4.5584e-7
802500.0	4.4392e-7
807500.0	4.3038e-7
812500.0	4.136e-7
817500.0	4.0164e-7
822500.0	3.9748e-7
827500.0	3.8306e-7
832500.0	3.7042e-7
837500.0	3.5882e-7
842500.0	3.4662e-7
847500.0	3.3566e-7
852500.0	3.257e-7
857500.0	3.1616e-7
862500.0	3.083e-7
867500.0	3.025e-7
872500.0	2.893e-7
877500.0	2.8164e-7
882500.0	2.7336e-7
887500.0	2.642e-7
892500.0	2.5694e-7
897500.0	2.4792e-7
902500.0	2.3806e-7
907500.0	2.3306e-7
912500.0	2.2578e-7
917500.0	2.1474e-7
922500.0	2.129e-7
927500.0	2.0968e-7
932500.0	2.0322e-7
937500.0	2.0066e-7
942500.0	1.9108e-7
947500.0	1.8664e-7
952500.0	1.8006e-7
957500.0	1.7472e-7
962500.0	1.7164e-7
967500.0	1.632e-7
972500.0	1.6344e-7
977500.0	1.5594e-7
982500.0	1.5122e-7
987500.0	1.4604e-7
992500.0	1.43e-7
997500.0	1.4106e-7
1.0025e6	1.3604e-7
1.0075e6	1.3226e-7
1.0125e6	1.2748e-7
1.0175e6	1.2532e-7
1.0225e6	1.2266e-7
1.0275e6	1.1722e-7
1.0325e6	1.1476e-7
1.0375e6	1.1116e-7
1.0425e6	1.0946e-7
1.0475e6	1.0776e-7
1.0525e6	1.0034e-7
1.0575e6	9.95e-8
1.0625e6	9.706e-8
1.0675e6	9.634e-8
1.0725e6	9.284e-8
1.0775e6	9.15e-8
1.0825e6	8.718e-8
1.0875e6	8.442e-8
1.0925e6	8.124e-8
1.0975e6	7.882e-8
1.1025e6	7.646e-8
1.1075e6	7.42e-8
1.1125e6	7.22e-8
1.1175e6	7.134e-8
1.1225e6	6.712e-8
1.1275e6	6.502e-8
1.1325e6	6.674e-8
1.1375e6	6.528e-8
1.1425e6	6.162e-8
1.1475e6	6.044e-8
1.1525e6	6.044e-8
1.1575e6	5.566e-8
1.1625e6	5.542e-8
1.1675e6	5.318e-8
1.1725e6	5.22e-8
1.1775e6	5.226e-8
1.1825e6	4.8e-8
1.1875e6	4.762e-8
1.1925e6	4.748e-8
1.1975e6	4.488e-8
1.2025e6	4.406e-8
1.2075e6	4.5e-8
1.2125e6	4.174e-8
1.2175e6	4.0e-8
1.2225e6	4.04e-8
1.2275e6	3.978e-8
1.2325e6	3.874e-8
1.2375e6	3.744e-8
1.2425e6	3.472e-8
1.2475e6	3.506e-8
1.2525e6	3.438e-8
1.2575e6	3.168e-8
1.2625e6	3.166e-8
1.2675e6	3.114e-8
1.2725e6	3.056e-8
1.2775e6	3.064e-8
1.2825e6	2.994e-8
1.2875e6	2.868e-8
1.2925e6	2.812e-8
1.2975e6	2.744e-8
1.3025e6	2.73e-8
1.3075e6	2.46e-8
1.3125e6	2.502e-8
1.3175e6	2.354e-8
1.3225e6	2.332e-8
1.3275e6	2.206e-8
1.3325e6	2.218e-8
1.3375e6	2.134e-8
1.3425e6	2.058e-8
1.3475e6	2.068e-8
1.3525e6	1.836e-8
1.3575e6	1.886e-8
1.3625e6	1.798e-8
1.3675e6	1.816e-8
1.3725e6	1.714e-8
1.3775e6	1.724e-8
1.3825e6	1.608e-8
1.3875e6	1.594e-8
1.3925e6	1.462e-8
1.3975e6	1.536e-8
1.4025e6	1.466e-8
1.4075e6	1.324e-8
1.4125e6	1.406e-8
1.4175e6	1.326e-8
1.4225e6	1.352e-8
1.4275e6	1.3e-8
1.4325e6	1.282e-8
1.4375e6	1.178e-8
1.4425e6	1.218e-8
1.4475e6	1.168e-8
1.4525e6	1.12e-8
1.4575e6	1.03e-8
1.4625e6	1.092e-8
1.4675e6	1.094e-8
1.4725e6	1.09e-8
1.4775e6	9.84e-9
1.4825e6	9.28e-9
1.4875e6	9.36e-9
1.4925e6	8.64e-9
1.4975e6	9.6e-9
1.5025e6	8.9e-9
1.5075e6	7.7e-9
1.5125e6	8.4e-9
1.5175e6	8.78e-9
1.5225e6	8.04e-9
1.5275e6	7.5e-9
1.5325e6	7.68e-9
1.5375e6	7.28e-9
1.5425e6	7.9e-9
1.5475e6	6.94e-9
1.5525e6	6.5e-9
1.5575e6	6.4e-9
1.5625e6	6.66e-9
1.5675e6	6.34e-9
1.5725e6	5.84e-9
1.5775e6	5.38e-9
1.5825e6	5.0e-9
1.5875e6	5.88e-9
1.5925e6	5.58e-9
1.5975e6	5.12e-9
1.6025e6	5.22e-9
1.6075e6	5.12e-9
1.6125e6	4.6e-9
1.6175e6	4.56e-9
1.6225e6	4.54e-9
1.6275e6	3.72e-9
1.6325e6	4.06e-9
1.6375e6	3.94e-9
1.6425e6	3.68e-9
1.6475e6	4.4e-9
1.6525e6	3.98e-9
1.6575e6	3.42e-9
1.6625e6	3.38e-9
1.6675e6	3.8e-9
1.6725e6	3.7e-9
1.6775e6	3.38e-9
1.6825e6	3.16e-9
1.6875e6	2.62e-9
1.6925e6	3.0e-9
1.6975e6	3.06e-9
1.7025e6	2.74e-9
1.7075e6	2.22e-9
1.7125e6	2.82e-9
1.7175e6	2.38e-9
1.7225e6	2.76e-9
1.7275e6	2.64e-9
1.7325e6	2.9e-9
1.7375e6	2.6e-9
1.7425e6	2.48e-9
1.7475e6	2.02e-9
1.7525e6	2.64e-9
1.7575e6	2.28e-9
1.7625e6	2.3e-9
1.7675e6	2.12e-9
1.7725e6	2.22e-9
1.7775e6	1.56e-9
1.7825e6	1.92e-9
1.7875e6	1.62e-9
1.7925e6	1.94e-9
1.7975e6	1.7e-9
1.8025e6	1.68e-9
1.8075e6	1.56e-9
1.8125e6	1.58e-9
1.8175e6	1.74e-9
1.8225e6	1.48e-9
1.8275e6	1.42e-9
1.8325e6	1.56e-9
1.8375e6	1.46e-9
1.8425e6	1.4e-9
1.8475e6	1.08e-9
1.8525e6	1.24e-9
1.8575e6	1.18e-9
1.8625e6	1.18e-9
1.8675e6	1.3e-9
1.8725e6	1.06e-9
1.8775e6	1.36e-9
1.8825e6	1.06e-9
1.8875e6	9.0e-10
1.8925e6	1.02e-9
1.8975e6	8.2e-10
1.9025e6	1.2e-9
1.9075e6	1.08e-9
1.9125e6	7.8e-10
1.9175e6	6.4e-10
1.9225e6	1.06e-9
1.9275e6	1.06e-9
1.9325e6	7.2e-10
1.9375e6	6.8e-10
1.9425e6	8.6e-10
1.9475e6	5.6e-10
1.9525e6	6.6e-10
1.9575e6	6.6e-10
1.9625e6	8.0e-10
1.9675e6	6.4e-10
1.9725e6	6.0e-10
1.9775e6	6.8e-10
1.9825e6	7.0e-10
1.9875e6	7.4e-10
1.9925e6	6.6e-10
1.9975e6	4.2e-10
2.0025e6	6.2e-10
2.0075e6	6.6e-10
2.0125e6	5.8e-10
2.0175e6	5.2e-10
2.0225e6	5.4e-10
2.0275e6	4.8e-10
2.0325e6	4.2e-10
2.0375e6	5.4e-10
2.0425e6	6.4e-10
2.0475e6	5.6e-10
2.0525e6	5.6e-10
2.0575e6	5.6e-10
2.0625e6	4.0e-10
2.0675e6	5.4e-10
2.0725e6	4.0e-10
2.0775e6	3.2e-10
2.0825e6	2.4e-10
2.0875e6	4.0e-10
2.0925e6	3.4e-10
2.0975e6	3.0e-10
2.1025e6	4.2e-10
2.1075e6	2.2e-10
2.1125e6	1.6e-10
2.1175e6	4.4e-10
2.1225e6	3.6e-10
2.1275e6	3.4e-10
2.1325e6	2.2e-10
2.1375e6	3.2e-10
2.1425e6	2.2e-10
2.1475e6	1.8e-10
2.1525e6	1.6e-10
2.1575e6	3.8e-10
2.1625e6	3.6e-10
2.1675e6	1.4e-10
2.1725e6	3.6e-10
2.1775e6	1.8e-10
2.1825e6	2.4e-10
2.1875e6	2.0e-10
2.1925e6	1.6e-10
2.1975e6	8.0e-11
2.2025e6	2.2e-10
2.2075e6	2.0e-10
2.2125e6	2.6e-10
2.2175e6	2.0e-10
2.2225e6	1.0e-10
2.2275e6	2.6e-10
2.2325e6	1.0e-10
2.2375e6	2.0e-10
2.2425e6	1.4e-10
2.2475e6	1.6e-10
2.2525e6	1.8e-10
2.2575e6	1.0e-10
2.2625e6	1.4e-10
2.2675e6	1.4e-10
2.2725e6	8.0e-11
2.2775e6	1.0e-10
2.2825e6	2.0e-10
2.2875e6	1.6e-10
2.2925e6	8.0e-11
2.2975e6	4.0e-11
2.3025e6	1.0e-10
2.3075e6	1.0e-10
2.3125e6	1.4e-10
2.3175e6	4.0e-11
2.3225e6	2.0e-11
2.3275e6	6.0e-11
2.3325e6	1.2e-10
2.3375e6	6.0e-11
2.3425e6	8.0e-11
2.3475e6	6.0e-11
2.3525e6	8.0e-11
2.3575e6	8.0e-11
2.3625e6	6.0e-11
2.3675e6	1.2e-10
2.3725e6	8.0e-11
2.3775e6	1.0e-10
2.3825e6	1.2e-10
2.3875e6	0.0
2.3925e6	1.2e-10
2.3975e6	6.0e-11
2.4025e6	1.0e-10
2.4075e6	2.0e-11
2.4125e6	6.0e-11
2.4175e6	1.6e-10
2.4225e6	1.2e-10
2.4275e6	8.0e-11
2.4325e6	4.0e-11
2.4375e6	1.0e-10
2.4425e6	4.0e-11
2.4475e6	1.0e-10
2.4525e6	1.0e-10
2.4575e6	6.0e-11
2.4625e6	1.2e-10
2.4675e6	4.0e-11
2.4725e6	2.0e-11
2.4775e6	6.0e-11
2.4825e6	6.0e-11
2.4875e6	0.0
2.4925e6	0.0
2.4975e6	4.0e-11
2.5025e6	8.0e-11
2.5075e6	1.0e-10
2.5125e6	2.0e-11
2.5175e6	0.0
2.5225e6	2.0e-11
2.5275e6	2.0e-11
2.5325e6	4.0e-11
2.5375e6	4.0e-11
2.5425e6	2.0e-11
2.5475e6	6.0e-11
2.5525e6	4.0e-11
2.5575e6	2.0e-11
2.5625e6	8.0e-11
2.5675e6	8.0e-11
2.5725e6	4.0e-11
2.5775e6	2.0e-11
2.5825e6	4.0e-11
2.5875e6	0.0
2.5925e6	0.0
2.5975e6	2.0e-11
2.6025e6	4.0e-11
2.6075e6	2.0e-11
2.6125e6	6.0e-11
2.6175e6	2.0e-11
2.6225e6	2.0e-11
2.6275e6	0.0
2.6325e6	0.0
2.6375e6	2.0e-11
2.6425e6	0.0
2.6475e6	0.0
2.6525e6	0.0
2.6575e6	0.0
2.6625e6	0.0
2.6675e6	2.0e-11
2.6725e6	2.0e-11
2.6775e6	0.0
2.6825e6	8.0e-11
2.6875e6	6.0e-11
2.6925e6	0.0
2.6975e6	0.0
2.7025e6	2.0e-11
2.7075e6	0.0
2.7125e6	0.0
2.7175e6	0.0
2.7225e6	0.0
2.7275e6	2.0e-11
2.7325e6	2.0e-11
2.7375e6	2.0e-11
2.7425e6	0.0
2.7475e6	0.0
2.7525e6	0.0
2.7575e6	0.0
2.7625e6	0.0
2.7675e6	0.0
2.7725e6	0.0
2.7775e6	2.0e-11
2.7825e6	2.0e-11
2.7875e6	0.0
2.7925e6	2.0e-11
2.7975e6	0.0
2.8025e6	2.0e-11
2.8075e6	0.0
2.8125e6	0.0
2.8175e6	2.0e-11
2.8225e6	0.0
2.8275e6	0.0
2.8325e6	0.0
2.8375e6	2.0e-11
2.8425e6	0.0
2.8475e6	0.0
2.8525e6	4.0e-11
2.8575e6	4.0e-11
2.8625e6	0.0
2.8675e6	0.0
2.8725e6	0.0
2.8775e6	0.0
2.8825e6	0.0
2.8875e6	0.0
2.8925e6	2.0e-11
2.8975e6	0.0
2.9025e6	0.0
2.9075e6	0.0
2.9125e6	0.0
2.9175e6	0.0
2.9225e6	0.0
2.9275e6	0.0
2.9325e6	0.0
2.9375e6	0.0
2.9425e6	0.0
2.9475e6	0.0
2.9525e6	2.0e-11
2.9575e6	2.0e-11
2.9625e6	0.0
2.9675e6	0.0
2.9725e6	0.0
2.9775e6	0.0
2.9825e6	0.0
2.9875e6	0.0
2.9925e6	0.0
2.9975e6	2.0e-11
3.0025e6	0.0
3.0075e6	0.0
3.0125e6	0.0
3.0175e6	0.0
3.0225e6	0.0
3.0275e6	0.0
3.0325e6	2.0e-11
3.0375e6	0.0
3.0425e6	0.0
3.0475e6	0.0
3.0525e6	0.0
3.0575e6	0.0
3.0625e6	0.0
3.0675e6	0.0
3.0725e6	0.0
3.0775e6	2.0e-11
3.0825e6	0.0
3.0875e6	0.0
3.0925e6	0.0
3.0975e6	0.0
3.1025e6	0.0
3.1075e6	0.0
3.1125e6	0.0
3.1175e6	0.0
3.1225e6	0.0
3.1275e6	0.0
3.1325e6	0.0
3.1375e6	0.0
3.1425e6	0.0
3.1475e6	0.0
3.1525e6	0.0
3.1575e6	0.0
3.1625e6	0.0
3.1675e6	0.0
3.1725e6	0.0
3.1775e6	0.0
3.1825e6	0.0
3.1875e6	0.0
3.1925e6	0.0
3.1975e6	0.0
3.2025e6	0.0
3.2075e6	2.0e-11
3.2125e6	0.0
3.2175e6	2.0e-11
3.2225e6	0.0
3.2275e6	2.0e-11
3.2325e6	0.0
3.2375e6	0.0
3.2425e6	0.0
3.2475e6	0.0
3.2525e6	0.0
3.2575e6	0.0
3.2625e6	0.0
3.2675e6	0.0
3.2725e6	0.0
3.2775e6	0.0
3.2825e6	2.0e-11
