x	y
-2.6925e7	2.0e-12
-2.6875e7	0.0
-2.6825e7	0.0
-2.6775e7	0.0
-2.6725e7	0.0
-2.6675e7	0.0
-2.6625e7	0.0
-2.6575e7	0.0
-2.6525e7	0.0
-2.6475e7	0.0
-2.6425e7	0.0
-2.6375e7	0.0
-2.6325e7	0.0
-2.6275e7	0.0
-2.6225e7	0.0
-2.6175e7	0.0
-2.6125e7	0.0
-2.6075e7	0.0
-2.6025e7	0.0
-2.5975e7	0.0
-2.5925e7	0.0
-2.5875e7	0.0
-2.5825e7	0.0
-2.5775e7	0.0
-2.5725e7	0.0
-2.5675e7	0.0
-2.5625e7	0.0
-2.5575e7	0.0
-2.5525e7	0.0
-2.5475e7	0.0
-2.5425e7	0.0
-2.5375e7	0.0
-2.5325e7	0.0
-2.5275e7	0.0
-2.5225e7	0.0
-2.5175e7	2.0e-12
-2.5125e7	0.0
-2.5075e7	0.0
-2.5025e7	0.0
-2.4975e7	0.0
-2.4925e7	0.0
-2.4875e7	0.0
-2.4825e7	0.0
-2.4775e7	0.0
-2.4725e7	0.0
-2.4675e7	0.0
-2.4625e7	2.0e-12
-2.4575e7	2.0e-12
-2.4525e7	0.0
-2.4475e7	4.0e-12
-2.4425e7	0.0
-2.4375e7	0.0
-2.4325e7	2.0e-12
-2.4275e7	0.0
-2.4225e7	0.0
-2.4175e7	2.0e-12
-2.4125e7	2.0e-12
-2.4075e7	2.0e-12
-2.4025e7	0.0
-2.3975e7	2.0e-12
-2.3925e7	0.0
-2.3875e7	0.0
-2.3825e7	0.0
-2.3775e7	0.0
-2.3725e7	2.0e-12
-2.3675e7	0.0
-2.3625e7	0.0
-2.3575e7	0.0
-2.3525e7	6.0e-12
-2.3475e7	4.0e-12
-2.3425e7	2.0e-12
-2.3375e7	2.0e-12
-2.3325e7	0.0
-2.3275e7	2.0e-12
-2.3225e7	4.0e-12
-2.3175e7	0.0
-2.3125e7	2.0e-12
-2.3075e7	2.0e-12
-2.3025e7	4.0e-12
-2.2975e7	2.0e-12
-2.2925e7	4.0e-12
-2.2875e7	4.0e-12
-2.2825e7	2.0e-12
-2.2775e7	2.0e-12
-2.2725e7	6.0e-12
-2.2675e7	4.0e-12
-2.2625e7	2.0e-12
-2.2575e7	0.0
-2.2525e7	2.0e-12
-2.2475e7	6.0e-12
-2.2425e7	4.0e-12
-2.2375e7	4.0e-12
-2.2325e7	1.4e-11
-2.2275e7	4.0e-12
-2.2225e7	6.0e-12
-2.2175e7	6.0e-12
-2.2125e7	2.0e-12
-2.2075e7	2.0e-12
-2.2025e7	2.0e-12
-2.1975e7	0.0
-2.1925e7	0.0
-2.1875e7	6.0e-12
-2.1825e7	2.0e-12
-2.1775e7	4.0e-12
-2.1725e7	1.0e-11
-2.1675e7	4.0e-12
-2.1625e7	8.0e-12
-2.1575e7	8.0e-12
-2.1525e7	6.0e-12
-2.1475e7	8.0e-12
-2.1425e7	2.0e-12
-2.1375e7	4.0e-12
-2.1325e7	1.0e-11
-2.1275e7	0.0
-2.1225e7	8.0e-12
-2.1175e7	1.4e-11
-2.1125e7	1.0e-11
-2.1075e7	1.0e-11
-2.1025e7	1.0e-11
-2.0975e7	1.8e-11
-2.0925e7	1.2e-11
-2.0875e7	8.0e-12
-2.0825e7	1.0e-11
-2.0775e7	1.4e-11
-2.0725e7	1.4e-11
-2.0675e7	1.8e-11
-2.0625e7	1.0e-11
-2.0575e7	1.2e-11
-2.0525e7	1.8e-11
-2.0475e7	1.8e-11
-2.0425e7	2.0e-11
-2.0375e7	1.8e-11
-2.0325e7	1.6e-11
-2.0275e7	1.6e-11
-2.0225e7	2.4e-11
-2.0175e7	1.8e-11
-2.0125e7	1.4e-11
-2.0075e7	1.6e-11
-2.0025e7	1.4e-11
-1.9975e7	1.6e-11
-1.9925e7	2.2e-11
-1.9875e7	2.6e-11
-1.9825e7	1.8e-11
-1.9775e7	2.6e-11
-1.9725e7	2.0e-11
-1.9675e7	3.0e-11
-1.9625e7	3.0e-11
-1.9575e7	3.6e-11
-1.9525e7	3.6e-11
-1.9475e7	3.2e-11
-1.9425e7	3.6e-11
-1.9375e7	4.2e-11
-1.9325e7	4.4e-11
-1.9275e7	6.2e-11
-1.9225e7	4.0e-11
-1.9175e7	3.8e-11
-1.9125e7	5.6e-11
-1.9075e7	4.4e-11
-1.9025e7	5.0e-11
-1.8975e7	4.6e-11
-1.8925e7	6.6e-11
-1.8875e7	4.0e-11
-1.8825e7	3.0e-11
-1.8775e7	3.0e-11
-1.8725e7	6.6e-11
-1.8675e7	9.0e-11
-1.8625e7	6.4e-11
-1.8575e7	6.0e-11
-1.8525e7	8.4e-11
-1.8475e7	7.4e-11
-1.8425e7	8.6e-11
-1.8375e7	7.6e-11
-1.8325e7	7.8e-11
-1.8275e7	1.16e-10
-1.8225e7	9.0e-11
-1.8175e7	7.0e-11
-1.8125e7	8.4e-11
-1.8075e7	1.06e-10
-1.8025e7	1.36e-10
-1.7975e7	1.2e-10
-1.7925e7	1.4e-10
-1.7875e7	1.34e-10
-1.7825e7	1.38e-10
-1.7775e7	1.26e-10
-1.7725e7	1.16e-10
-1.7675e7	1.56e-10
-1.7625e7	1.1e-10
-1.7575e7	1.64e-10
-1.7525e7	1.7e-10
-1.7475e7	1.44e-10
-1.7425e7	1.38e-10
-1.7375e7	1.68e-10
-1.7325e7	1.8e-10
-1.7275e7	1.56e-10
-1.7225e7	2.08e-10
-1.7175e7	1.8e-10
-1.7125e7	1.78e-10
-1.7075e7	1.92e-10
-1.7025e7	2.34e-10
-1.6975e7	2.1e-10
-1.6925e7	2.64e-10
-1.6875e7	2.58e-10
-1.6825e7	2.44e-10
-1.6775e7	2.58e-10
-1.6725e7	2.8e-10
-1.6675e7	2.62e-10
-1.6625e7	3.54e-10
-1.6575e7	2.82e-10
-1.6525e7	3.14e-10
-1.6475e7	3.26e-10
-1.6425e7	3.14e-10
-1.6375e7	3.68e-10
-1.6325e7	3.2e-10
-1.6275e7	3.48e-10
-1.6225e7	3.76e-10
-1.6175e7	3.72e-10
-1.6125e7	4.06e-10
-1.6075e7	4.36e-10
-1.6025e7	4.42e-10
-1.5975e7	4.5e-10
-1.5925e7	3.86e-10
-1.5875e7	4.48e-10
-1.5825e7	4.78e-10
-1.5775e7	4.88e-10
-1.5725e7	4.3e-10
-1.5675e7	4.88e-10
-1.5625e7	5.56e-10
-1.5575e7	5.56e-10
-1.5525e7	5.36e-10
-1.5475e7	5.76e-10
-1.5425e7	6.24e-10
-1.5375e7	6.34e-10
-1.5325e7	6.42e-10
-1.5275e7	6.5e-10
-1.5225e7	6.58e-10
-1.5175e7	7.78e-10
-1.5125e7	6.98e-10
-1.5075e7	7.4e-10
-1.5025e7	7.52e-10
-1.4975e7	8.44e-10
-1.4925e7	7.64e-10
-1.4875e7	9.16e-10
-1.4825e7	9.4e-10
-1.4775e7	9.18e-10
-1.4725e7	8.66e-10
-1.4675e7	9.24e-10
-1.4625e7	9.78e-10
-1.4575e7	1.016e-9
-1.4525e7	1.062e-9
-1.4475e7	1.058e-9
-1.4425e7	1.09e-9
-1.4375e7	1.146e-9
-1.4325e7	1.212e-9
-1.4275e7	1.182e-9
-1.4225e7	1.334e-9
-1.4175e7	1.302e-9
-1.4125e7	1.288e-9
-1.4075e7	1.382e-9
-1.4025e7	1.488e-9
-1.3975e7	1.502e-9
-1.3925e7	1.484e-9
-1.3875e7	1.554e-9
-1.3825e7	1.498e-9
-1.3775e7	1.63e-9
-1.3725e7	1.76e-9
-1.3675e7	1.636e-9
-1.3625e7	1.69e-9
-1.3575e7	1.842e-9
-1.3525e7	1.84e-9
-1.3475e7	1.916e-9
-1.3425e7	2.084e-9
-1.3375e7	2.08e-9
-1.3325e7	1.94e-9
-1.3275e7	2.132e-9
-1.3225e7	2.19e-9
-1.3175e7	2.23e-9
-1.3125e7	2.212e-9
-1.3075e7	2.29e-9
-1.3025e7	2.492e-9
-1.2975e7	2.568e-9
-1.2925e7	2.612e-9
-1.2875e7	2.492e-9
-1.2825e7	2.708e-9
-1.2775e7	2.856e-9
-1.2725e7	2.772e-9
-1.2675e7	2.806e-9
-1.2625e7	3.014e-9
-1.2575e7	3.056e-9
-1.2525e7	3.114e-9
-1.2475e7	2.998e-9
-1.2425e7	3.398e-9
-1.2375e7	3.368e-9
-1.2325e7	3.382e-9
-1.2275e7	3.558e-9
-1.2225e7	3.716e-9
-1.2175e7	3.552e-9
-1.2125e7	3.902e-9
-1.2075e7	4.064e-9
-1.2025e7	4.048e-9
-1.1975e7	4.252e-9
-1.1925e7	4.18e-9
-1.1875e7	4.47e-9
-1.1825e7	4.466e-9
-1.1775e7	4.406e-9
-1.1725e7	4.604e-9
-1.1675e7	4.654e-9
-1.1625e7	4.832e-9
-1.1575e7	4.914e-9
-1.1525e7	5.02e-9
-1.1475e7	5.13e-9
-1.1425e7	5.544e-9
-1.1375e7	5.302e-9
-1.1325e7	5.584e-9
-1.1275e7	5.906e-9
-1.1225e7	5.902e-9
-1.1175e7	5.922e-9
-1.1125e7	6.222e-9
-1.1075e7	6.04e-9
-1.1025e7	6.444e-9
-1.0975e7	6.626e-9
-1.0925e7	6.696e-9
-1.0875e7	6.726e-9
-1.0825e7	7.052e-9
-1.0775e7	7.04e-9
-1.0725e7	7.284e-9
-1.0675e7	7.45e-9
-1.0625e7	7.534e-9
-1.0575e7	7.754e-9
-1.0525e7	7.924e-9
-1.0475e7	8.164e-9
-1.0425e7	8.358e-9
-1.0375e7	8.546e-9
-1.0325e7	8.7e-9
-1.0275e7	8.782e-9
-1.0225e7	8.948e-9
-1.0175e7	9.01e-9
-1.0125e7	9.34e-9
-1.0075e7	9.626e-9
-1.0025e7	9.694e-9
-9.975e6	9.92e-9
-9.925e6	1.0228e-8
-9.875e6	1.0468e-8
-9.825e6	1.0424e-8
-9.775e6	1.1288e-8
-9.725e6	1.0892e-8
-9.675e6	1.0962e-8
-9.625e6	1.1244e-8
-9.575e6	1.1656e-8
-9.525e6	1.179e-8
-9.475e6	1.2052e-8
-9.425e6	1.234e-8
-9.375e6	1.252e-8
-9.325e6	1.2808e-8
-9.275e6	1.2652e-8
-9.225e6	1.3468e-8
-9.175e6	1.3714e-8
-9.125e6	1.397e-8
-9.075e6	1.4034e-8
-9.025e6	1.4336e-8
-8.975e6	1.4604e-8
-8.925e6	1.4604e-8
-8.875e6	1.5474e-8
-8.825e6	1.571e-8
-8.775e6	1.5986e-8
-8.725e6	1.5836e-8
-8.675e6	1.645e-8
-8.625e6	1.6432e-8
-8.575e6	1.661e-8
-8.525e6	1.7034e-8
-8.475e6	1.7334e-8
-8.425e6	1.7874e-8
-8.375e6	1.854e-8
-8.325e6	1.852e-8
-8.275e6	1.8602e-8
-8.225e6	1.9144e-8
-8.175e6	1.9624e-8
-8.125e6	1.9604e-8
-8.075e6	2.0158e-8
-8.025e6	2.0242e-8
-7.975e6	2.0292e-8
-7.925e6	2.1454e-8
-7.875e6	2.113e-8
-7.825e6	2.1504e-8
-7.775e6	2.207e-8
-7.725e6	2.2178e-8
-7.675e6	2.2574e-8
-7.625e6	2.3158e-8
-7.575e6	2.3546e-8
-7.525e6	2.4054e-8
-7.475e6	2.427e-8
-7.425e6	2.498e-8
-7.375e6	2.4934e-8
-7.325e6	2.5552e-8
-7.275e6	2.5832e-8
-7.225e6	2.6128e-8
-7.175e6	2.6774e-8
-7.125e6	2.7146e-8
-7.075e6	2.712e-8
-7.025e6	2.8022e-8
-6.975e6	2.8014e-8
-6.925e6	2.8744e-8
-6.875e6	2.855e-8
-6.825e6	2.9312e-8
-6.775e6	2.9472e-8
-6.725e6	3.0188e-8
-6.675e6	3.0748e-8
-6.625e6	3.0652e-8
-6.575e6	3.1326e-8
-6.525e6	3.1698e-8
-6.475e6	3.2166e-8
-6.425e6	3.2892e-8
-6.375e6	3.2786e-8
-6.325e6	3.353e-8
-6.275e6	3.3766e-8
-6.225e6	3.4276e-8
-6.175e6	3.4682e-8
-6.125e6	3.5412e-8
-6.075e6	3.541e-8
-6.025e6	3.6068e-8
-5.975e6	3.6634e-8
-5.925e6	3.7582e-8
-5.875e6	3.7548e-8
-5.825e6	3.7716e-8
-5.775e6	3.8438e-8
-5.725e6	3.9216e-8
-5.675e6	3.9362e-8
-5.625e6	3.9894e-8
-5.575e6	4.0048e-8
-5.525e6	4.0528e-8
-5.475e6	4.0564e-8
-5.425e6	4.1532e-8
-5.375e6	4.213e-8
-5.325e6	4.2364e-8
-5.275e6	4.2702e-8
-5.225e6	4.338e-8
-5.175e6	4.3876e-8
-5.125e6	4.486e-8
-5.075e6	4.4602e-8
-5.025e6	4.5484e-8
-4.975e6	4.59e-8
-4.925e6	4.6092e-8
-4.875e6	4.7288e-8
-4.825e6	4.7038e-8
-4.775e6	4.7636e-8
-4.725e6	4.8576e-8
-4.675e6	4.8652e-8
-4.625e6	4.945e-8
-4.575e6	4.926e-8
-4.525e6	5.0224e-8
-4.475e6	5.0286e-8
-4.425e6	5.1314e-8
-4.375e6	5.142e-8
-4.325e6	5.2028e-8
-4.275e6	5.2478e-8
-4.225e6	5.3082e-8
-4.175e6	5.3314e-8
-4.125e6	5.3682e-8
-4.075e6	5.4406e-8
-4.025e6	5.4704e-8
-3.975e6	5.521e-8
-3.925e6	5.5498e-8
-3.875e6	5.688e-8
-3.825e6	5.6242e-8
-3.775e6	5.6882e-8
-3.725e6	5.7344e-8
-3.675e6	5.7844e-8
-3.625e6	5.8724e-8
-3.575e6	5.8862e-8
-3.525e6	5.889e-8
-3.475e6	5.9634e-8
-3.425e6	6.0844e-8
-3.375e6	5.9938e-8
-3.325e6	6.0722e-8
-3.275e6	6.104e-8
-3.225e6	6.181e-8
-3.175e6	6.1998e-8
-3.125e6	6.2664e-8
-3.075e6	6.2684e-8
-3.025e6	6.297e-8
-2.975e6	6.3562e-8
-2.925e6	6.3896e-8
-2.875e6	6.434e-8
-2.825e6	6.5254e-8
-2.775e6	6.5586e-8
-2.725e6	6.5776e-8
-2.675e6	6.5566e-8
-2.625e6	6.6372e-8
-2.575e6	6.697e-8
-2.525e6	6.771e-8
-2.475e6	6.747e-8
-2.425e6	6.8412e-8
-2.375e6	6.7862e-8
-2.325e6	6.833e-8
-2.275e6	6.9596e-8
-2.225e6	6.9694e-8
-2.175e6	6.9998e-8
-2.125e6	7.0034e-8
-2.075e6	7.0436e-8
-2.025e6	7.1212e-8
-1.975e6	7.1282e-8
-1.925e6	7.1896e-8
-1.875e6	7.1996e-8
-1.825e6	7.1992e-8
-1.775e6	7.23e-8
-1.725e6	7.275e-8
-1.675e6	7.2318e-8
-1.625e6	7.2438e-8
-1.575e6	7.4038e-8
-1.525e6	7.3222e-8
-1.475e6	7.402e-8
-1.425e6	7.3912e-8
-1.375e6	7.3774e-8
-1.325e6	7.4736e-8
-1.275e6	7.4704e-8
-1.225e6	7.4806e-8
-1.175e6	7.5596e-8
-1.125e6	7.5242e-8
-1.075e6	7.5842e-8
-1.025e6	7.5862e-8
-975000.0	7.5512e-8
-925000.0	7.7064e-8
-875000.0	7.6912e-8
-825000.0	7.6668e-8
-775000.0	7.6976e-8
-725000.0	7.7114e-8
-675000.0	7.693e-8
-625000.0	7.7914e-8
-575000.0	7.7982e-8
-525000.0	7.6814e-8
-475000.0	7.7008e-8
-425000.0	7.7286e-8
-375000.0	7.7814e-8
-325000.0	7.7392e-8
-275000.0	7.761e-8
-225000.0	7.8176e-8
-175000.0	7.85e-8
-125000.0	7.8096e-8
-75000.0	7.8422e-8
-25000.0	7.7814e-8
25000.0	7.828e-8
75000.0	7.8484e-8
125000.0	7.8038e-8
175000.0	7.8884e-8
225000.0	7.8444e-8
275000.0	7.7996e-8
325000.0	7.8588e-8
375000.0	7.7794e-8
425000.0	7.7844e-8
475000.0	7.8438e-8
525000.0	7.7534e-8
575000.0	7.834e-8
625000.0	7.8244e-8
675000.0	7.7588e-8
725000.0	7.7858e-8
775000.0	7.7154e-8
825000.0	7.8172e-8
875000.0	7.7974e-8
925000.0	7.752e-8
975000.0	7.7124e-8
1.025e6	7.6424e-8
1.075e6	7.785e-8
1.125e6	7.6418e-8
1.175e6	7.7374e-8
1.225e6	7.6562e-8
1.275e6	7.694e-8
1.325e6	7.5736e-8
1.375e6	7.6578e-8
1.425e6	7.6028e-8
1.475e6	7.598e-8
1.525e6	7.5602e-8
1.575e6	7.582e-8
1.625e6	7.5856e-8
1.675e6	7.5672e-8
1.725e6	7.4886e-8
1.775e6	7.4814e-8
1.825e6	7.4934e-8
1.875e6	7.5184e-8
1.925e6	7.4878e-8
1.975e6	7.3986e-8
2.025e6	7.3934e-8
2.075e6	7.3818e-8
2.125e6	7.3604e-8
2.175e6	7.3014e-8
2.225e6	7.2138e-8
2.275e6	7.2046e-8
2.325e6	7.1824e-8
2.375e6	7.2222e-8
2.425e6	7.1952e-8
2.475e6	7.13e-8
2.525e6	7.0576e-8
2.575e6	7.0622e-8
2.625e6	7.0338e-8
2.675e6	7.0258e-8
2.725e6	6.9568e-8
2.775e6	6.8926e-8
2.825e6	6.8646e-8
2.875e6	6.826e-8
2.925e6	6.8568e-8
2.975e6	6.8624e-8
3.025e6	6.6548e-8
3.075e6	6.7684e-8
3.125e6	6.6132e-8
3.175e6	6.681e-8
3.225e6	6.6326e-8
3.275e6	6.6082e-8
3.325e6	6.6016e-8
3.375e6	6.4688e-8
3.425e6	6.4842e-8
3.475e6	6.4404e-8
3.525e6	6.3736e-8
3.575e6	6.3682e-8
3.625e6	6.3088e-8
3.675e6	6.2928e-8
3.725e6	6.1798e-8
3.775e6	6.1488e-8
3.825e6	6.167e-8
3.875e6	6.108e-8
3.925e6	6.0114e-8
3.975e6	6.0104e-8
4.025e6	5.9334e-8
4.075e6	5.9598e-8
4.125e6	5.8586e-8
4.175e6	5.8578e-8
4.225e6	5.8368e-8
4.275e6	5.793e-8
4.325e6	5.7038e-8
4.375e6	5.688e-8
4.425e6	5.637e-8
4.475e6	5.6186e-8
4.525e6	5.536e-8
4.575e6	5.5206e-8
4.625e6	5.421e-8
4.675e6	5.3996e-8
4.725e6	5.4244e-8
4.775e6	5.325e-8
4.825e6	5.271e-8
4.875e6	5.2638e-8
4.925e6	5.1402e-8
4.975e6	5.104e-8
5.025e6	5.0644e-8
5.075e6	5.0456e-8
5.125e6	5.0308e-8
5.175e6	4.9624e-8
5.225e6	4.8864e-8
5.275e6	4.8864e-8
5.325e6	4.8314e-8
5.375e6	4.753e-8
5.425e6	4.7138e-8
5.475e6	4.6552e-8
5.525e6	4.6346e-8
5.575e6	4.5788e-8
5.625e6	4.5042e-8
5.675e6	4.4844e-8
5.725e6	4.4482e-8
5.775e6	4.3642e-8
5.825e6	4.3236e-8
5.875e6	4.3352e-8
5.925e6	4.2868e-8
5.975e6	4.2026e-8
6.025e6	4.1828e-8
6.075e6	4.105e-8
6.125e6	4.107e-8
6.175e6	4.059e-8
6.225e6	3.9988e-8
6.275e6	3.914e-8
6.325e6	3.8818e-8
6.375e6	3.8504e-8
6.425e6	3.762e-8
6.475e6	3.7492e-8
6.525e6	3.6984e-8
6.575e6	3.6742e-8
6.625e6	3.686e-8
6.675e6	3.4998e-8
6.725e6	3.5552e-8
6.775e6	3.5372e-8
6.825e6	3.4742e-8
6.875e6	3.4706e-8
6.925e6	3.3474e-8
6.975e6	3.3612e-8
7.025e6	3.2596e-8
7.075e6	3.2472e-8
7.125e6	3.2326e-8
7.175e6	3.1394e-8
7.225e6	3.113e-8
7.275e6	3.1148e-8
7.325e6	3.0396e-8
7.375e6	3.0268e-8
7.425e6	2.9398e-8
7.475e6	2.923e-8
7.525e6	2.8602e-8
7.575e6	2.8592e-8
7.625e6	2.83e-8
7.675e6	2.7646e-8
7.725e6	2.7158e-8
7.775e6	2.675e-8
7.825e6	2.636e-8
7.875e6	2.6036e-8
7.925e6	2.5742e-8
7.975e6	2.5236e-8
8.025e6	2.5056e-8
8.075e6	2.4722e-8
8.125e6	2.4224e-8
8.175e6	2.3958e-8
8.225e6	2.3394e-8
8.275e6	2.342e-8
8.325e6	2.2648e-8
8.375e6	2.2028e-8
8.425e6	2.2322e-8
8.475e6	2.2316e-8
8.525e6	2.1598e-8
8.575e6	2.1092e-8
8.625e6	2.0534e-8
8.675e6	2.0204e-8
8.725e6	2.0302e-8
8.775e6	1.9672e-8
8.825e6	1.9872e-8
8.875e6	1.9228e-8
8.925e6	1.8844e-8
8.975e6	1.838e-8
9.025e6	1.8172e-8
9.075e6	1.815e-8
9.125e6	1.7894e-8
9.175e6	1.7468e-8
9.225e6	1.6962e-8
9.275e6	1.6818e-8
9.325e6	1.6114e-8
9.375e6	1.6398e-8
9.425e6	1.5832e-8
9.475e6	1.5678e-8
9.525e6	1.5506e-8
9.575e6	1.504e-8
9.625e6	1.48e-8
9.675e6	1.477e-8
9.725e6	1.429e-8
9.775e6	1.413e-8
9.825e6	1.405e-8
9.875e6	1.344e-8
9.925e6	1.3422e-8
9.975e6	1.327e-8
1.0025e7	1.294e-8
1.0075e7	1.2492e-8
1.0125e7	1.2456e-8
1.0175e7	1.226e-8
1.0225e7	1.195e-8
1.0275e7	1.1766e-8
1.0325e7	1.1162e-8
1.0375e7	1.13e-8
1.0425e7	1.0898e-8
1.0475e7	1.088e-8
1.0525e7	1.0664e-8
1.0575e7	1.0496e-8
1.0625e7	1.0134e-8
1.0675e7	1.03e-8
1.0725e7	9.954e-9
1.0775e7	1.0034e-8
1.0825e7	9.446e-9
1.0875e7	9.748e-9
1.0925e7	9.466e-9
1.0975e7	9.012e-9
1.1025e7	8.756e-9
1.1075e7	8.836e-9
1.1125e7	8.422e-9
1.1175e7	8.584e-9
1.1225e7	8.182e-9
1.1275e7	7.976e-9
1.1325e7	7.714e-9
1.1375e7	7.752e-9
1.1425e7	7.602e-9
1.1475e7	7.498e-9
1.1525e7	7.43e-9
1.1575e7	7.048e-9
1.1625e7	6.722e-9
1.1675e7	6.8e-9
1.1725e7	6.458e-9
1.1775e7	6.486e-9
1.1825e7	6.612e-9
1.1875e7	6.214e-9
1.1925e7	6.114e-9
1.1975e7	5.902e-9
1.2025e7	5.986e-9
1.2075e7	5.634e-9
1.2125e7	5.472e-9
1.2175e7	5.464e-9
1.2225e7	5.268e-9
1.2275e7	4.944e-9
1.2325e7	5.158e-9
1.2375e7	4.88e-9
1.2425e7	4.922e-9
1.2475e7	4.662e-9
1.2525e7	4.58e-9
1.2575e7	4.642e-9
1.2625e7	4.542e-9
1.2675e7	4.268e-9
1.2725e7	4.174e-9
1.2775e7	4.124e-9
1.2825e7	3.964e-9
1.2875e7	3.73e-9
1.2925e7	3.92e-9
1.2975e7	3.942e-9
1.3025e7	3.656e-9
1.3075e7	3.492e-9
1.3125e7	3.514e-9
1.3175e7	3.574e-9
1.3225e7	3.288e-9
1.3275e7	3.268e-9
1.3325e7	3.174e-9
1.3375e7	3.044e-9
1.3425e7	2.992e-9
1.3475e7	2.78e-9
1.3525e7	2.958e-9
1.3575e7	2.802e-9
1.3625e7	2.67e-9
1.3675e7	2.67e-9
1.3725e7	2.762e-9
1.3775e7	2.506e-9
1.3825e7	2.452e-9
1.3875e7	2.38e-9
1.3925e7	2.38e-9
1.3975e7	2.28e-9
1.4025e7	2.24e-9
1.4075e7	2.2e-9
1.4125e7	1.998e-9
1.4175e7	2.094e-9
1.4225e7	1.972e-9
1.4275e7	2.056e-9
1.4325e7	1.942e-9
1.4375e7	1.996e-9
1.4425e7	1.838e-9
1.4475e7	1.896e-9
1.4525e7	1.728e-9
1.4575e7	1.606e-9
1.4625e7	1.61e-9
1.4675e7	1.556e-9
1.4725e7	1.538e-9
1.4775e7	1.602e-9
1.4825e7	1.584e-9
1.4875e7	1.442e-9
1.4925e7	1.45e-9
1.4975e7	1.408e-9
1.5025e7	1.292e-9
1.5075e7	1.342e-9
1.5125e7	1.288e-9
1.5175e7	1.224e-9
1.5225e7	1.14e-9
1.5275e7	1.16e-9
1.5325e7	1.212e-9
1.5375e7	1.142e-9
1.5425e7	9.88e-10
1.5475e7	1.03e-9
1.5525e7	9.72e-10
1.5575e7	8.98e-10
1.5625e7	9.0e-10
1.5675e7	9.84e-10
1.5725e7	9.08e-10
1.5775e7	9.42e-10
1.5825e7	9.04e-10
1.5875e7	7.72e-10
1.5925e7	7.9e-10
1.5975e7	8.02e-10
1.6025e7	7.54e-10
1.6075e7	7.6e-10
1.6125e7	7.54e-10
1.6175e7	7.0e-10
1.6225e7	6.64e-10
1.6275e7	6.52e-10
1.6325e7	6.78e-10
1.6375e7	6.38e-10
1.6425e7	6.04e-10
1.6475e7	5.9e-10
1.6525e7	5.82e-10
1.6575e7	5.8e-10
1.6625e7	5.74e-10
1.6675e7	5.56e-10
1.6725e7	4.72e-10
1.6775e7	4.78e-10
1.6825e7	4.64e-10
1.6875e7	4.42e-10
1.6925e7	4.56e-10
1.6975e7	4.82e-10
1.7025e7	4.34e-10
1.7075e7	4.16e-10
1.7125e7	4.16e-10
1.7175e7	3.74e-10
1.7225e7	3.72e-10
1.7275e7	3.96e-10
1.7325e7	3.18e-10
1.7375e7	2.88e-10
1.7425e7	3.08e-10
1.7475e7	3.18e-10
1.7525e7	3.02e-10
1.7575e7	3.14e-10
1.7625e7	2.56e-10
1.7675e7	2.78e-10
1.7725e7	2.68e-10
1.7775e7	2.8e-10
1.7825e7	2.4e-10
1.7875e7	2.62e-10
1.7925e7	2.48e-10
1.7975e7	2.54e-10
1.8025e7	2.38e-10
1.8075e7	2.06e-10
1.8125e7	2.42e-10
1.8175e7	2.12e-10
1.8225e7	2.06e-10
1.8275e7	2.24e-10
1.8325e7	2.02e-10
1.8375e7	2.06e-10
1.8425e7	1.96e-10
1.8475e7	1.84e-10
1.8525e7	2.04e-10
1.8575e7	1.4e-10
1.8625e7	1.42e-10
1.8675e7	1.42e-10
1.8725e7	1.44e-10
1.8775e7	1.48e-10
1.8825e7	1.34e-10
1.8875e7	1.06e-10
1.8925e7	1.12e-10
1.8975e7	1.14e-10
1.9025e7	1.24e-10
1.9075e7	1.32e-10
1.9125e7	9.0e-11
1.9175e7	9.8e-11
1.9225e7	8.4e-11
1.9275e7	9.6e-11
1.9325e7	1.16e-10
1.9375e7	1.06e-10
1.9425e7	9.8e-11
1.9475e7	7.8e-11
1.9525e7	6.4e-11
1.9575e7	9.2e-11
1.9625e7	8.6e-11
1.9675e7	9.0e-11
1.9725e7	7.8e-11
1.9775e7	6.4e-11
1.9825e7	6.2e-11
1.9875e7	5.8e-11
1.9925e7	4.6e-11
1.9975e7	4.8e-11
2.0025e7	4.8e-11
2.0075e7	5.4e-11
2.0125e7	7.4e-11
2.0175e7	4.4e-11
2.0225e7	5.0e-11
2.0275e7	6.6e-11
2.0325e7	5.8e-11
2.0375e7	6.0e-11
2.0425e7	5.4e-11
2.0475e7	4.0e-11
2.0525e7	4.2e-11
2.0575e7	4.6e-11
2.0625e7	4.2e-11
2.0675e7	3.2e-11
2.0725e7	7.0e-11
2.0775e7	4.2e-11
2.0825e7	3.6e-11
2.0875e7	3.0e-11
2.0925e7	3.2e-11
2.0975e7	3.2e-11
2.1025e7	2.6e-11
2.1075e7	4.2e-11
2.1125e7	3.6e-11
2.1175e7	2.4e-11
2.1225e7	2.6e-11
2.1275e7	3.2e-11
2.1325e7	8.0e-12
2.1375e7	1.8e-11
2.1425e7	2.4e-11
2.1475e7	2.8e-11
2.1525e7	1.2e-11
2.1575e7	2.8e-11
2.1625e7	6.0e-12
2.1675e7	1.8e-11
2.1725e7	1.8e-11
2.1775e7	1.0e-11
2.1825e7	2.0e-11
2.1875e7	1.2e-11
2.1925e7	6.0e-12
2.1975e7	1.6e-11
2.2025e7	1.0e-11
2.2075e7	2.0e-11
2.2125e7	1.4e-11
2.2175e7	1.6e-11
2.2225e7	6.0e-12
2.2275e7	6.0e-12
2.2325e7	1.2e-11
2.2375e7	6.0e-12
2.2425e7	1.4e-11
2.2475e7	8.0e-12
2.2525e7	1.6e-11
2.2575e7	4.0e-12
2.2625e7	0.0
2.2675e7	4.0e-12
2.2725e7	8.0e-12
2.2775e7	1.2e-11
2.2825e7	1.0e-11
2.2875e7	2.0e-12
2.2925e7	6.0e-12
2.2975e7	6.0e-12
2.3025e7	1.2e-11
2.3075e7	1.2e-11
2.3125e7	1.0e-11
2.3175e7	2.0e-12
2.3225e7	4.0e-12
2.3275e7	4.0e-12
2.3325e7	8.0e-12
2.3375e7	2.0e-12
2.3425e7	1.0e-11
2.3475e7	0.0
2.3525e7	2.0e-12
2.3575e7	6.0e-12
2.3625e7	0.0
2.3675e7	4.0e-12
2.3725e7	2.0e-12
2.3775e7	2.0e-12
2.3825e7	0.0
2.3875e7	4.0e-12
2.3925e7	0.0
2.3975e7	0.0
2.4025e7	2.0e-12
2.4075e7	0.0
2.4125e7	4.0e-12
2.4175e7	2.0e-12
2.4225e7	2.0e-12
2.4275e7	4.0e-12
2.4325e7	2.0e-12
2.4375e7	2.0e-12
2.4425e7	0.0
2.4475e7	0.0
2.4525e7	4.0e-12
2.4575e7	4.0e-12
2.4625e7	2.0e-12
2.4675e7	4.0e-12
2.4725e7	0.0
2.4775e7	0.0
2.4825e7	0.0
2.4875e7	0.0
2.4925e7	0.0
2.4975e7	0.0
2.5025e7	0.0
2.5075e7	0.0
2.5125e7	0.0
2.5175e7	2.0e-12
2.5225e7	0.0
2.5275e7	2.0e-12
2.5325e7	0.0
2.5375e7	2.0e-12
2.5425e7	0.0
2.5475e7	2.0e-12
2.5525e7	0.0
2.5575e7	2.0e-12
2.5625e7	0.0
2.5675e7	4.0e-12
2.5725e7	0.0
2.5775e7	0.0
2.5825e7	0.0
2.5875e7	0.0
2.5925e7	0.0
2.5975e7	2.0e-12
2.6025e7	4.0e-12
2.6075e7	0.0
2.6125e7	0.0
2.6175e7	2.0e-12
2.6225e7	0.0
2.6275e7	2.0e-12
2.6325e7	0.0
2.6375e7	0.0
2.6425e7	0.0
2.6475e7	0.0
2.6525e7	0.0
2.6575e7	0.0
2.6625e7	0.0
2.6675e7	0.0
2.6725e7	0.0
2.6775e7	2.0e-12
