x	y
-1.525e6	2.0e-12
-1.475e6	0.0
-1.425e6	0.0
-1.375e6	0.0
-1.325e6	0.0
-1.275e6	0.0
-1.225e6	0.0
-1.175e6	0.0
-1.125e6	0.0
-1.075e6	2.0e-12
-1.025e6	0.0
-975000.0	0.0
-925000.0	0.0
-875000.0	0.0
-825000.0	0.0
-775000.0	0.0
-725000.0	0.0
-675000.0	0.0
-625000.0	0.0
-575000.0	0.0
-525000.0	0.0
-475000.0	0.0
-425000.0	0.0
-375000.0	0.0
-325000.0	0.0
-275000.0	0.0
-225000.0	0.0
-175000.0	0.0
-125000.0	0.0
-75000.0	0.0
-25000.0	0.0
25000.0	0.0
75000.0	0.0
125000.0	2.0e-12
175000.0	0.0
225000.0	0.0
275000.0	0.0
325000.0	0.0
375000.0	0.0
425000.0	0.0
475000.0	0.0
525000.0	0.0
575000.0	2.0e-12
625000.0	0.0
675000.0	0.0
725000.0	0.0
775000.0	0.0
825000.0	0.0
875000.0	0.0
925000.0	0.0
975000.0	0.0
1.025e6	2.0e-12
1.075e6	2.0e-12
1.125e6	0.0
1.175e6	0.0
1.225e6	0.0
1.275e6	2.0e-12
1.325e6	0.0
1.375e6	0.0
1.425e6	2.0e-12
1.475e6	0.0
1.525e6	0.0
1.575e6	0.0
1.625e6	0.0
1.675e6	4.0e-12
1.725e6	2.0e-12
1.775e6	2.0e-12
1.825e6	0.0
1.875e6	2.0e-12
1.925e6	0.0
1.975e6	2.0e-12
2.025e6	0.0
2.075e6	2.0e-12
2.125e6	0.0
2.175e6	2.0e-12
2.225e6	2.0e-12
2.275e6	0.0
2.325e6	2.0e-12
2.375e6	2.0e-12
2.425e6	0.0
2.475e6	2.0e-12
2.525e6	4.0e-12
2.575e6	0.0
2.625e6	2.0e-12
2.675e6	4.0e-12
2.725e6	2.0e-12
2.775e6	2.0e-12
2.825e6	0.0
2.875e6	0.0
2.925e6	2.0e-12
2.975e6	4.0e-12
3.025e6	6.0e-12
3.075e6	4.0e-12
3.125e6	4.0e-12
3.175e6	4.0e-12
3.225e6	8.0e-12
3.275e6	1.0e-11
3.325e6	8.0e-12
3.375e6	6.0e-12
3.425e6	6.0e-12
3.475e6	8.0e-12
3.525e6	2.0e-12
3.575e6	8.0e-12
3.625e6	0.0
3.675e6	2.0e-12
3.725e6	6.0e-12
3.775e6	8.0e-12
3.825e6	4.0e-12
3.875e6	4.0e-12
3.925e6	6.0e-12
3.975e6	4.0e-12
4.025e6	8.0e-12
4.075e6	1.2e-11
4.125e6	8.0e-12
4.175e6	6.0e-12
4.225e6	1.0e-11
4.275e6	6.0e-12
4.325e6	4.0e-12
4.375e6	1.0e-11
4.425e6	8.0e-12
4.475e6	6.0e-12
4.525e6	1.2e-11
4.575e6	1.2e-11
4.625e6	1.4e-11
4.675e6	1.2e-11
4.725e6	1.8e-11
4.775e6	1.2e-11
4.825e6	1.0e-11
4.875e6	1.8e-11
4.925e6	1.6e-11
4.975e6	1.4e-11
5.025e6	2.0e-11
5.075e6	2.0e-11
5.125e6	1.8e-11
5.175e6	1.8e-11
5.225e6	2.0e-11
5.275e6	1.8e-11
5.325e6	1.6e-11
5.375e6	3.2e-11
5.425e6	2.6e-11
5.475e6	2.6e-11
5.525e6	2.8e-11
5.575e6	3.0e-11
5.625e6	3.4e-11
5.675e6	2.2e-11
5.725e6	2.8e-11
5.775e6	2.8e-11
5.825e6	4.2e-11
5.875e6	4.2e-11
5.925e6	3.8e-11
5.975e6	4.4e-11
6.025e6	4.8e-11
6.075e6	5.8e-11
6.125e6	4.8e-11
6.175e6	3.4e-11
6.225e6	4.0e-11
6.275e6	5.0e-11
6.325e6	4.6e-11
6.375e6	6.2e-11
6.425e6	7.0e-11
6.475e6	5.6e-11
6.525e6	6.4e-11
6.575e6	6.2e-11
6.625e6	9.2e-11
6.675e6	6.2e-11
6.725e6	7.6e-11
6.775e6	7.0e-11
6.825e6	9.0e-11
6.875e6	7.6e-11
6.925e6	8.0e-11
6.975e6	7.2e-11
7.025e6	8.2e-11
7.075e6	7.8e-11
7.125e6	1.04e-10
7.175e6	1.02e-10
7.225e6	9.8e-11
7.275e6	1.06e-10
7.325e6	1.08e-10
7.375e6	1.0e-10
7.425e6	1.18e-10
7.475e6	1.26e-10
7.525e6	1.02e-10
7.575e6	1.1e-10
7.625e6	1.34e-10
7.675e6	1.56e-10
7.725e6	1.58e-10
7.775e6	1.28e-10
7.825e6	1.84e-10
7.875e6	1.84e-10
7.925e6	1.74e-10
7.975e6	1.6e-10
8.025e6	1.6e-10
8.075e6	2.16e-10
8.125e6	1.86e-10
8.175e6	2.18e-10
8.225e6	2.44e-10
8.275e6	2.38e-10
8.325e6	2.78e-10
8.375e6	2.2e-10
8.425e6	2.8e-10
8.475e6	2.64e-10
8.525e6	2.2e-10
8.575e6	2.76e-10
8.625e6	2.38e-10
8.675e6	3.02e-10
8.725e6	3.12e-10
8.775e6	2.64e-10
8.825e6	2.8e-10
8.875e6	3.04e-10
8.925e6	3.48e-10
8.975e6	3.1e-10
9.025e6	3.8e-10
9.075e6	3.88e-10
9.125e6	3.92e-10
9.175e6	3.8e-10
9.225e6	4.44e-10
9.275e6	4.08e-10
9.325e6	4.72e-10
9.375e6	4.66e-10
9.425e6	4.72e-10
9.475e6	5.46e-10
9.525e6	5.34e-10
9.575e6	5.16e-10
9.625e6	4.88e-10
9.675e6	5.7e-10
9.725e6	5.3e-10
9.775e6	6.32e-10
9.825e6	6.06e-10
9.875e6	6.66e-10
9.925e6	6.42e-10
9.975e6	6.44e-10
1.0025e7	7.42e-10
1.0075e7	6.7e-10
1.0125e7	7.54e-10
1.0175e7	7.42e-10
1.0225e7	7.46e-10
1.0275e7	7.64e-10
1.0325e7	9.06e-10
1.0375e7	8.36e-10
1.0425e7	8.8e-10
1.0475e7	9.12e-10
1.0525e7	8.8e-10
1.0575e7	1.014e-9
1.0625e7	8.64e-10
1.0675e7	9.12e-10
1.0725e7	1.018e-9
1.0775e7	1.064e-9
1.0825e7	1.082e-9
1.0875e7	1.148e-9
1.0925e7	1.188e-9
1.0975e7	1.216e-9
1.1025e7	1.246e-9
1.1075e7	1.336e-9
1.1125e7	1.262e-9
1.1175e7	1.37e-9
1.1225e7	1.354e-9
1.1275e7	1.57e-9
1.1325e7	1.444e-9
1.1375e7	1.504e-9
1.1425e7	1.538e-9
1.1475e7	1.574e-9
1.1525e7	1.63e-9
1.1575e7	1.654e-9
1.1625e7	1.792e-9
1.1675e7	1.714e-9
1.1725e7	1.9e-9
1.1775e7	1.862e-9
1.1825e7	2.028e-9
1.1875e7	2.074e-9
1.1925e7	2.026e-9
1.1975e7	2.122e-9
1.2025e7	2.162e-9
1.2075e7	2.254e-9
1.2125e7	2.186e-9
1.2175e7	2.322e-9
1.2225e7	2.386e-9
1.2275e7	2.458e-9
1.2325e7	2.612e-9
1.2375e7	2.576e-9
1.2425e7	2.688e-9
1.2475e7	2.772e-9
1.2525e7	2.888e-9
1.2575e7	2.734e-9
1.2625e7	3.066e-9
1.2675e7	3.008e-9
1.2725e7	3.238e-9
1.2775e7	3.136e-9
1.2825e7	3.41e-9
1.2875e7	3.312e-9
1.2925e7	3.42e-9
1.2975e7	3.402e-9
1.3025e7	3.862e-9
1.3075e7	3.766e-9
1.3125e7	3.736e-9
1.3175e7	3.728e-9
1.3225e7	4.024e-9
1.3275e7	4.174e-9
1.3325e7	4.254e-9
1.3375e7	4.294e-9
1.3425e7	4.418e-9
1.3475e7	4.504e-9
1.3525e7	4.606e-9
1.3575e7	4.784e-9
1.3625e7	4.802e-9
1.3675e7	5.006e-9
1.3725e7	5.08e-9
1.3775e7	5.34e-9
1.3825e7	5.448e-9
1.3875e7	5.39e-9
1.3925e7	5.536e-9
1.3975e7	5.734e-9
1.4025e7	5.916e-9
1.4075e7	5.84e-9
1.4125e7	6.024e-9
1.4175e7	6.294e-9
1.4225e7	6.418e-9
1.4275e7	6.758e-9
1.4325e7	6.928e-9
1.4375e7	6.586e-9
1.4425e7	7.064e-9
1.4475e7	7.336e-9
1.4525e7	7.37e-9
1.4575e7	7.472e-9
1.4625e7	7.568e-9
1.4675e7	7.998e-9
1.4725e7	7.954e-9
1.4775e7	8.128e-9
1.4825e7	8.372e-9
1.4875e7	8.458e-9
1.4925e7	8.604e-9
1.4975e7	8.812e-9
1.5025e7	9.27e-9
1.5075e7	9.296e-9
1.5125e7	9.816e-9
1.5175e7	9.602e-9
1.5225e7	9.874e-9
1.5275e7	1.0394e-8
1.5325e7	1.014e-8
1.5375e7	1.0466e-8
1.5425e7	1.0598e-8
1.5475e7	1.074e-8
1.5525e7	1.1148e-8
1.5575e7	1.1292e-8
1.5625e7	1.1688e-8
1.5675e7	1.1826e-8
1.5725e7	1.2004e-8
1.5775e7	1.1952e-8
1.5825e7	1.2802e-8
1.5875e7	1.2516e-8
1.5925e7	1.2948e-8
1.5975e7	1.313e-8
1.6025e7	1.3584e-8
1.6075e7	1.351e-8
1.6125e7	1.3834e-8
1.6175e7	1.4222e-8
1.6225e7	1.4514e-8
1.6275e7	1.5024e-8
1.6325e7	1.502e-8
1.6375e7	1.538e-8
1.6425e7	1.5506e-8
1.6475e7	1.5978e-8
1.6525e7	1.6132e-8
1.6575e7	1.6434e-8
1.6625e7	1.6868e-8
1.6675e7	1.7002e-8
1.6725e7	1.7464e-8
1.6775e7	1.7776e-8
1.6825e7	1.7696e-8
1.6875e7	1.822e-8
1.6925e7	1.89e-8
1.6975e7	1.8888e-8
1.7025e7	1.918e-8
1.7075e7	1.9584e-8
1.7125e7	1.9704e-8
1.7175e7	1.9574e-8
1.7225e7	2.063e-8
1.7275e7	2.0712e-8
1.7325e7	2.0866e-8
1.7375e7	2.1446e-8
1.7425e7	2.1796e-8
1.7475e7	2.226e-8
1.7525e7	2.2804e-8
1.7575e7	2.2652e-8
1.7625e7	2.3358e-8
1.7675e7	2.3436e-8
1.7725e7	2.4418e-8
1.7775e7	2.4362e-8
1.7825e7	2.4634e-8
1.7875e7	2.5066e-8
1.7925e7	2.5724e-8
1.7975e7	2.62e-8
1.8025e7	2.5888e-8
1.8075e7	2.693e-8
1.8125e7	2.7102e-8
1.8175e7	2.7452e-8
1.8225e7	2.7792e-8
1.8275e7	2.8068e-8
1.8325e7	2.8806e-8
1.8375e7	2.9014e-8
1.8425e7	2.9272e-8
1.8475e7	2.9748e-8
1.8525e7	3.0154e-8
1.8575e7	3.0984e-8
1.8625e7	3.1112e-8
1.8675e7	3.1574e-8
1.8725e7	3.209e-8
1.8775e7	3.2176e-8
1.8825e7	3.2806e-8
1.8875e7	3.3362e-8
1.8925e7	3.3708e-8
1.8975e7	3.4264e-8
1.9025e7	3.4962e-8
1.9075e7	3.5216e-8
1.9125e7	3.5578e-8
1.9175e7	3.5534e-8
1.9225e7	3.6272e-8
1.9275e7	3.6396e-8
1.9325e7	3.7186e-8
1.9375e7	3.7732e-8
1.9425e7	3.8112e-8
1.9475e7	3.913e-8
1.9525e7	3.8962e-8
1.9575e7	3.9916e-8
1.9625e7	4.0224e-8
1.9675e7	4.0326e-8
1.9725e7	4.1e-8
1.9775e7	4.1678e-8
1.9825e7	4.178e-8
1.9875e7	4.2378e-8
1.9925e7	4.2716e-8
1.9975e7	4.3332e-8
2.0025e7	4.3468e-8
2.0075e7	4.4306e-8
2.0125e7	4.4974e-8
2.0175e7	4.4992e-8
2.0225e7	4.581e-8
2.0275e7	4.6188e-8
2.0325e7	4.6832e-8
2.0375e7	4.6704e-8
2.0425e7	4.8042e-8
2.0475e7	4.7736e-8
2.0525e7	4.8172e-8
2.0575e7	4.8914e-8
2.0625e7	4.9672e-8
2.0675e7	4.9502e-8
2.0725e7	5.0614e-8
2.0775e7	5.109e-8
2.0825e7	5.0854e-8
2.0875e7	5.1662e-8
2.0925e7	5.1846e-8
2.0975e7	5.26e-8
2.1025e7	5.2384e-8
2.1075e7	5.2998e-8
2.1125e7	5.4058e-8
2.1175e7	5.462e-8
2.1225e7	5.487e-8
2.1275e7	5.4822e-8
2.1325e7	5.628e-8
2.1375e7	5.5432e-8
2.1425e7	5.6418e-8
2.1475e7	5.7748e-8
2.1525e7	5.7348e-8
2.1575e7	5.7668e-8
2.1625e7	5.863e-8
2.1675e7	5.9292e-8
2.1725e7	5.901e-8
2.1775e7	5.9936e-8
2.1825e7	6.062e-8
2.1875e7	6.1002e-8
2.1925e7	6.1596e-8
2.1975e7	6.1246e-8
2.2025e7	6.2632e-8
2.2075e7	6.199e-8
2.2125e7	6.3392e-8
2.2175e7	6.2804e-8
2.2225e7	6.4362e-8
2.2275e7	6.4582e-8
2.2325e7	6.4808e-8
2.2375e7	6.551e-8
2.2425e7	6.5292e-8
2.2475e7	6.599e-8
2.2525e7	6.6896e-8
2.2575e7	6.6078e-8
2.2625e7	6.7092e-8
2.2675e7	6.7162e-8
2.2725e7	6.7264e-8
2.2775e7	6.7754e-8
2.2825e7	6.799e-8
2.2875e7	6.891e-8
2.2925e7	6.8722e-8
2.2975e7	6.919e-8
2.3025e7	6.9668e-8
2.3075e7	6.9762e-8
2.3125e7	7.0896e-8
2.3175e7	7.0728e-8
2.3225e7	7.1144e-8
2.3275e7	7.1146e-8
2.3325e7	7.15e-8
2.3375e7	7.1258e-8
2.3425e7	7.1868e-8
2.3475e7	7.231e-8
2.3525e7	7.2714e-8
2.3575e7	7.3508e-8
2.3625e7	7.4056e-8
2.3675e7	7.4342e-8
2.3725e7	7.3904e-8
2.3775e7	7.4334e-8
2.3825e7	7.4676e-8
2.3875e7	7.4836e-8
2.3925e7	7.4778e-8
2.3975e7	7.4954e-8
2.4025e7	7.574e-8
2.4075e7	7.5e-8
2.4125e7	7.6186e-8
2.4175e7	7.5836e-8
2.4225e7	7.5898e-8
2.4275e7	7.6376e-8
2.4325e7	7.627e-8
2.4375e7	7.6382e-8
2.4425e7	7.7118e-8
2.4475e7	7.6958e-8
2.4525e7	7.7244e-8
2.4575e7	7.7334e-8
2.4625e7	7.724e-8
2.4675e7	7.7208e-8
2.4725e7	7.7468e-8
2.4775e7	7.8094e-8
2.4825e7	7.7482e-8
2.4875e7	7.8404e-8
2.4925e7	7.7448e-8
2.4975e7	7.8018e-8
2.5025e7	7.772e-8
2.5075e7	7.8676e-8
2.5125e7	7.7812e-8
2.5175e7	7.8508e-8
2.5225e7	7.8256e-8
2.5275e7	7.818e-8
2.5325e7	7.8672e-8
2.5375e7	7.8054e-8
2.5425e7	7.9042e-8
2.5475e7	7.848e-8
2.5525e7	7.8988e-8
2.5575e7	7.8034e-8
2.5625e7	7.8634e-8
2.5675e7	7.8414e-8
2.5725e7	7.9304e-8
2.5775e7	7.8966e-8
2.5825e7	7.7774e-8
2.5875e7	7.7822e-8
2.5925e7	7.805e-8
2.5975e7	7.8282e-8
2.6025e7	7.8618e-8
2.6075e7	7.8026e-8
2.6125e7	7.8196e-8
2.6175e7	7.8078e-8
2.6225e7	7.7702e-8
2.6275e7	7.7898e-8
2.6325e7	7.7448e-8
2.6375e7	7.7468e-8
2.6425e7	7.7372e-8
2.6475e7	7.7322e-8
2.6525e7	7.6886e-8
2.6575e7	7.7018e-8
2.6625e7	7.689e-8
2.6675e7	7.7206e-8
2.6725e7	7.6872e-8
2.6775e7	7.5926e-8
2.6825e7	7.5564e-8
2.6875e7	7.6404e-8
2.6925e7	7.558e-8
2.6975e7	7.4992e-8
2.7025e7	7.5244e-8
2.7075e7	7.4652e-8
2.7125e7	7.4348e-8
2.7175e7	7.454e-8
2.7225e7	7.3956e-8
2.7275e7	7.3152e-8
2.7325e7	7.3304e-8
2.7375e7	7.2694e-8
2.7425e7	7.2732e-8
2.7475e7	7.2642e-8
2.7525e7	7.2102e-8
2.7575e7	7.164e-8
2.7625e7	7.2192e-8
2.7675e7	7.164e-8
2.7725e7	7.133e-8
2.7775e7	7.047e-8
2.7825e7	6.9952e-8
2.7875e7	7.057e-8
2.7925e7	7.0158e-8
2.7975e7	7.0144e-8
2.8025e7	6.947e-8
2.8075e7	6.9094e-8
2.8125e7	6.8544e-8
2.8175e7	6.8118e-8
2.8225e7	6.8174e-8
2.8275e7	6.6976e-8
2.8325e7	6.7238e-8
2.8375e7	6.7422e-8
2.8425e7	6.6396e-8
2.8475e7	6.537e-8
2.8525e7	6.6342e-8
2.8575e7	6.5474e-8
2.8625e7	6.5096e-8
2.8675e7	6.495e-8
2.8725e7	6.3984e-8
2.8775e7	6.3434e-8
2.8825e7	6.3346e-8
2.8875e7	6.314e-8
2.8925e7	6.2386e-8
2.8975e7	6.1832e-8
2.9025e7	6.1468e-8
2.9075e7	6.1304e-8
2.9125e7	6.1608e-8
2.9175e7	6.0652e-8
2.9225e7	6.0114e-8
2.9275e7	5.9166e-8
2.9325e7	5.895e-8
2.9375e7	5.8234e-8
2.9425e7	5.864e-8
2.9475e7	5.7334e-8
2.9525e7	5.7452e-8
2.9575e7	5.7152e-8
2.9625e7	5.6934e-8
2.9675e7	5.6304e-8
2.9725e7	5.5874e-8
2.9775e7	5.4822e-8
2.9825e7	5.457e-8
2.9875e7	5.4064e-8
2.9925e7	5.3662e-8
2.9975e7	5.2944e-8
3.0025e7	5.271e-8
3.0075e7	5.2718e-8
3.0125e7	5.159e-8
3.0175e7	5.1512e-8
3.0225e7	5.0416e-8
3.0275e7	5.0476e-8
3.0325e7	5.0442e-8
3.0375e7	4.9696e-8
3.0425e7	4.9558e-8
3.0475e7	4.8424e-8
3.0525e7	4.8398e-8
3.0575e7	4.7628e-8
3.0625e7	4.7474e-8
3.0675e7	4.6612e-8
3.0725e7	4.6244e-8
3.0775e7	4.6264e-8
3.0825e7	4.5234e-8
3.0875e7	4.498e-8
3.0925e7	4.469e-8
3.0975e7	4.415e-8
3.1025e7	4.4352e-8
3.1075e7	4.2808e-8
3.1125e7	4.2532e-8
3.1175e7	4.23e-8
3.1225e7	4.2218e-8
3.1275e7	4.132e-8
3.1325e7	4.1446e-8
3.1375e7	4.0282e-8
3.1425e7	4.009e-8
3.1475e7	3.9334e-8
3.1525e7	3.8892e-8
3.1575e7	3.85e-8
3.1625e7	3.8354e-8
3.1675e7	3.7744e-8
3.1725e7	3.7626e-8
3.1775e7	3.6608e-8
3.1825e7	3.6492e-8
3.1875e7	3.5306e-8
3.1925e7	3.6012e-8
3.1975e7	3.4852e-8
3.2025e7	3.4464e-8
3.2075e7	3.4068e-8
3.2125e7	3.386e-8
3.2175e7	3.353e-8
3.2225e7	3.283e-8
3.2275e7	3.2382e-8
3.2325e7	3.2228e-8
3.2375e7	3.1816e-8
3.2425e7	3.1056e-8
3.2475e7	3.0684e-8
3.2525e7	3.0228e-8
3.2575e7	3.0104e-8
3.2625e7	2.9762e-8
3.2675e7	2.9274e-8
3.2725e7	2.9132e-8
3.2775e7	2.8534e-8
3.2825e7	2.8182e-8
3.2875e7	2.747e-8
3.2925e7	2.7092e-8
3.2975e7	2.67e-8
3.3025e7	2.6222e-8
3.3075e7	2.6474e-8
3.3125e7	2.5162e-8
3.3175e7	2.5502e-8
3.3225e7	2.489e-8
3.3275e7	2.4786e-8
3.3325e7	2.4006e-8
3.3375e7	2.3502e-8
3.3425e7	2.317e-8
3.3475e7	2.3292e-8
3.3525e7	2.2828e-8
3.3575e7	2.2702e-8
3.3625e7	2.2508e-8
3.3675e7	2.1992e-8
3.3725e7	2.1518e-8
3.3775e7	2.1312e-8
3.3825e7	2.0658e-8
3.3875e7	2.0322e-8
3.3925e7	2.0312e-8
3.3975e7	2.0292e-8
3.4025e7	1.958e-8
3.4075e7	1.932e-8
3.4125e7	1.8988e-8
3.4175e7	1.8736e-8
3.4225e7	1.83e-8
3.4275e7	1.8348e-8
3.4325e7	1.7742e-8
3.4375e7	1.7802e-8
3.4425e7	1.7194e-8
3.4475e7	1.6804e-8
3.4525e7	1.633e-8
3.4575e7	1.5834e-8
3.4625e7	1.5804e-8
3.4675e7	1.587e-8
3.4725e7	1.5488e-8
3.4775e7	1.5008e-8
3.4825e7	1.487e-8
3.4875e7	1.4606e-8
3.4925e7	1.4652e-8
3.4975e7	1.4292e-8
3.5025e7	1.3904e-8
3.5075e7	1.3862e-8
3.5125e7	1.3474e-8
3.5175e7	1.3034e-8
3.5225e7	1.2876e-8
3.5275e7	1.2846e-8
3.5325e7	1.2674e-8
3.5375e7	1.2164e-8
3.5425e7	1.1968e-8
3.5475e7	1.1988e-8
3.5525e7	1.1586e-8
3.5575e7	1.1392e-8
3.5625e7	1.118e-8
3.5675e7	1.0978e-8
3.5725e7	1.1014e-8
3.5775e7	1.0424e-8
3.5825e7	1.0462e-8
3.5875e7	1.032e-8
3.5925e7	9.724e-9
3.5975e7	9.62e-9
3.6025e7	9.666e-9
3.6075e7	9.322e-9
3.6125e7	9.272e-9
3.6175e7	9.086e-9
3.6225e7	8.85e-9
3.6275e7	8.71e-9
3.6325e7	8.334e-9
3.6375e7	8.324e-9
3.6425e7	8.086e-9
3.6475e7	7.932e-9
3.6525e7	7.986e-9
3.6575e7	7.458e-9
3.6625e7	7.526e-9
3.6675e7	7.318e-9
3.6725e7	7.412e-9
3.6775e7	6.936e-9
3.6825e7	6.93e-9
3.6875e7	6.656e-9
3.6925e7	6.464e-9
3.6975e7	6.506e-9
3.7025e7	6.258e-9
3.7075e7	6.178e-9
3.7125e7	5.996e-9
3.7175e7	5.8e-9
3.7225e7	5.862e-9
3.7275e7	5.684e-9
3.7325e7	5.566e-9
3.7375e7	5.58e-9
3.7425e7	5.198e-9
3.7475e7	5.012e-9
3.7525e7	5.054e-9
3.7575e7	4.93e-9
3.7625e7	4.858e-9
3.7675e7	4.958e-9
3.7725e7	4.686e-9
3.7775e7	4.526e-9
3.7825e7	4.47e-9
3.7875e7	4.294e-9
3.7925e7	4.136e-9
3.7975e7	4.258e-9
3.8025e7	3.966e-9
3.8075e7	3.884e-9
3.8125e7	3.618e-9
3.8175e7	3.76e-9
3.8225e7	3.754e-9
3.8275e7	3.582e-9
3.8325e7	3.416e-9
3.8375e7	3.34e-9
3.8425e7	3.37e-9
3.8475e7	3.15e-9
3.8525e7	3.304e-9
3.8575e7	3.016e-9
3.8625e7	2.838e-9
3.8675e7	2.942e-9
3.8725e7	2.842e-9
3.8775e7	2.828e-9
3.8825e7	2.912e-9
3.8875e7	2.734e-9
3.8925e7	2.668e-9
3.8975e7	2.53e-9
3.9025e7	2.466e-9
3.9075e7	2.264e-9
3.9125e7	2.322e-9
3.9175e7	2.262e-9
3.9225e7	2.192e-9
3.9275e7	2.2e-9
3.9325e7	2.07e-9
3.9375e7	1.966e-9
3.9425e7	2.016e-9
3.9475e7	1.968e-9
3.9525e7	1.948e-9
3.9575e7	1.844e-9
3.9625e7	1.734e-9
3.9675e7	1.828e-9
3.9725e7	1.774e-9
3.9775e7	1.704e-9
3.9825e7	1.796e-9
3.9875e7	1.66e-9
3.9925e7	1.492e-9
3.9975e7	1.58e-9
4.0025e7	1.482e-9
4.0075e7	1.43e-9
4.0125e7	1.43e-9
4.0175e7	1.35e-9
4.0225e7	1.272e-9
4.0275e7	1.332e-9
4.0325e7	1.212e-9
4.0375e7	1.248e-9
4.0425e7	1.084e-9
4.0475e7	1.252e-9
4.0525e7	1.186e-9
4.0575e7	1.096e-9
4.0625e7	1.108e-9
4.0675e7	1.112e-9
4.0725e7	9.74e-10
4.0775e7	9.76e-10
4.0825e7	9.76e-10
4.0875e7	8.88e-10
4.0925e7	9.06e-10
4.0975e7	8.36e-10
4.1025e7	8.5e-10
4.1075e7	8.26e-10
4.1125e7	7.38e-10
4.1175e7	7.94e-10
4.1225e7	7.54e-10
4.1275e7	6.9e-10
4.1325e7	7.14e-10
4.1375e7	6.86e-10
4.1425e7	6.86e-10
4.1475e7	6.7e-10
4.1525e7	6.04e-10
4.1575e7	6.36e-10
4.1625e7	5.68e-10
4.1675e7	5.84e-10
4.1725e7	5.4e-10
4.1775e7	5.32e-10
4.1825e7	5.72e-10
4.1875e7	5.32e-10
4.1925e7	5.0e-10
4.1975e7	5.36e-10
4.2025e7	4.58e-10
4.2075e7	4.8e-10
4.2125e7	4.62e-10
4.2175e7	3.9e-10
4.2225e7	4.02e-10
4.2275e7	4.04e-10
4.2325e7	3.88e-10
4.2375e7	3.72e-10
4.2425e7	4.04e-10
4.2475e7	3.5e-10
4.2525e7	3.58e-10
4.2575e7	3.16e-10
4.2625e7	3.46e-10
4.2675e7	3.06e-10
4.2725e7	3.02e-10
4.2775e7	2.94e-10
4.2825e7	2.9e-10
4.2875e7	2.86e-10
4.2925e7	2.6e-10
4.2975e7	2.52e-10
4.3025e7	2.44e-10
4.3075e7	2.06e-10
4.3125e7	2.56e-10
4.3175e7	2.56e-10
4.3225e7	2.36e-10
4.3275e7	1.82e-10
4.3325e7	2.02e-10
4.3375e7	2.2e-10
4.3425e7	1.64e-10
4.3475e7	1.92e-10
4.3525e7	1.68e-10
4.3575e7	1.66e-10
4.3625e7	1.76e-10
4.3675e7	1.84e-10
4.3725e7	1.06e-10
4.3775e7	1.82e-10
4.3825e7	1.52e-10
4.3875e7	1.34e-10
4.3925e7	1.38e-10
4.3975e7	1.6e-10
4.4025e7	1.3e-10
4.4075e7	1.24e-10
4.4125e7	1.5e-10
4.4175e7	1.34e-10
4.4225e7	8.8e-11
4.4275e7	8.0e-11
4.4325e7	9.8e-11
4.4375e7	1.04e-10
4.4425e7	1.28e-10
4.4475e7	1.1e-10
4.4525e7	8.4e-11
4.4575e7	9.4e-11
4.4625e7	1.12e-10
4.4675e7	9.0e-11
4.4725e7	6.2e-11
4.4775e7	8.2e-11
4.4825e7	8.4e-11
4.4875e7	8.0e-11
4.4925e7	7.8e-11
4.4975e7	5.2e-11
4.5025e7	6.8e-11
4.5075e7	5.6e-11
4.5125e7	5.4e-11
4.5175e7	4.0e-11
4.5225e7	6.4e-11
4.5275e7	4.6e-11
4.5325e7	5.2e-11
4.5375e7	4.8e-11
4.5425e7	5.8e-11
4.5475e7	4.2e-11
4.5525e7	5.8e-11
4.5575e7	5.4e-11
4.5625e7	5.4e-11
4.5675e7	4.6e-11
4.5725e7	3.4e-11
4.5775e7	3.6e-11
4.5825e7	3.0e-11
4.5875e7	3.8e-11
4.5925e7	3.8e-11
4.5975e7	3.0e-11
4.6025e7	4.2e-11
4.6075e7	2.4e-11
4.6125e7	2.8e-11
4.6175e7	1.8e-11
4.6225e7	1.0e-11
4.6275e7	3.2e-11
4.6325e7	1.8e-11
4.6375e7	1.8e-11
4.6425e7	3.6e-11
4.6475e7	1.6e-11
4.6525e7	2.2e-11
4.6575e7	2.0e-11
4.6625e7	2.2e-11
4.6675e7	2.0e-11
4.6725e7	2.6e-11
4.6775e7	1.6e-11
4.6825e7	2.2e-11
4.6875e7	8.0e-12
4.6925e7	2.0e-11
4.6975e7	1.2e-11
4.7025e7	4.0e-12
4.7075e7	1.2e-11
4.7125e7	1.6e-11
4.7175e7	1.2e-11
4.7225e7	1.4e-11
4.7275e7	1.2e-11
4.7325e7	1.2e-11
4.7375e7	1.8e-11
4.7425e7	4.0e-12
4.7475e7	1.6e-11
4.7525e7	1.4e-11
4.7575e7	1.0e-11
4.7625e7	4.0e-12
4.7675e7	4.0e-12
4.7725e7	4.0e-12
4.7775e7	4.0e-12
4.7825e7	0.0
4.7875e7	8.0e-12
4.7925e7	1.4e-11
4.7975e7	1.4e-11
4.8025e7	2.0e-12
4.8075e7	8.0e-12
4.8125e7	1.8e-11
4.8175e7	2.0e-12
4.8225e7	1.0e-11
4.8275e7	6.0e-12
4.8325e7	2.0e-12
4.8375e7	6.0e-12
4.8425e7	0.0
4.8475e7	6.0e-12
4.8525e7	2.0e-12
4.8575e7	8.0e-12
4.8625e7	4.0e-12
4.8675e7	6.0e-12
4.8725e7	8.0e-12
4.8775e7	4.0e-12
4.8825e7	2.0e-12
4.8875e7	2.0e-12
4.8925e7	6.0e-12
4.8975e7	6.0e-12
4.9025e7	4.0e-12
4.9075e7	0.0
4.9125e7	2.0e-12
4.9175e7	2.0e-12
4.9225e7	2.0e-12
4.9275e7	6.0e-12
4.9325e7	4.0e-12
4.9375e7	2.0e-12
4.9425e7	2.0e-12
4.9475e7	0.0
4.9525e7	2.0e-12
4.9575e7	2.0e-12
4.9625e7	4.0e-12
4.9675e7	2.0e-12
4.9725e7	0.0
4.9775e7	0.0
4.9825e7	6.0e-12
4.9875e7	0.0
4.9925e7	2.0e-12
4.9975e7	0.0
5.0025e7	2.0e-12
5.0075e7	0.0
5.0125e7	6.0e-12
5.0175e7	0.0
5.0225e7	0.0
5.0275e7	0.0
5.0325e7	2.0e-12
5.0375e7	0.0
5.0425e7	0.0
5.0475e7	0.0
5.0525e7	0.0
5.0575e7	2.0e-12
5.0625e7	0.0
5.0675e7	2.0e-12
5.0725e7	0.0
5.0775e7	0.0
5.0825e7	4.0e-12
5.0875e7	0.0
5.0925e7	2.0e-12
5.0975e7	0.0
5.1025e7	0.0
5.1075e7	2.0e-12
5.1125e7	0.0
5.1175e7	0.0
5.1225e7	0.0
5.1275e7	0.0
5.1325e7	0.0
5.1375e7	0.0
5.1425e7	0.0
5.1475e7	0.0
5.1525e7	0.0
5.1575e7	0.0
5.1625e7	0.0
5.1675e7	0.0
5.1725e7	0.0
5.1775e7	0.0
5.1825e7	0.0
5.1875e7	0.0
5.1925e7	0.0
5.1975e7	0.0
5.2025e7	0.0
5.2075e7	2.0e-12
5.2125e7	0.0
5.2175e7	2.0e-12
5.2225e7	0.0
5.2275e7	0.0
5.2325e7	0.0
5.2375e7	0.0
5.2425e7	0.0
5.2475e7	0.0
5.2525e7	0.0
5.2575e7	0.0
5.2625e7	0.0
5.2675e7	0.0
5.2725e7	0.0
5.2775e7	0.0
5.2825e7	0.0
5.2875e7	0.0
5.2925e7	0.0
5.2975e7	0.0
5.3025e7	0.0
5.3075e7	0.0
5.3125e7	0.0
5.3175e7	0.0
5.3225e7	0.0
5.3275e7	0.0
5.3325e7	0.0
5.3375e7	2.0e-12
