x	y
-4.235e6	1.0e-8
-4.225e6	0.0
-4.215e6	0.0
-4.205e6	0.0
-4.195e6	0.0
-4.185e6	0.0
-4.175e6	0.0
-4.165e6	0.0
-4.155e6	0.0
-4.145e6	1.0e-8
-4.135e6	0.0
-4.125e6	0.0
-4.115e6	0.0
-4.105e6	0.0
-4.095e6	0.0
-4.085e6	0.0
-4.075e6	0.0
-4.065e6	0.0
-4.055e6	0.0
-4.045e6	0.0
-4.035e6	0.0
-4.025e6	0.0
-4.015e6	0.0
-4.005e6	0.0
-3.995e6	0.0
-3.985e6	0.0
-3.975e6	0.0
-3.965e6	0.0
-3.955e6	0.0
-3.945e6	0.0
-3.935e6	0.0
-3.925e6	0.0
-3.915e6	0.0
-3.905e6	0.0
-3.895e6	0.0
-3.885e6	0.0
-3.875e6	0.0
-3.865e6	0.0
-3.855e6	0.0
-3.845e6	0.0
-3.835e6	0.0
-3.825e6	0.0
-3.815e6	0.0
-3.805e6	0.0
-3.795e6	0.0
-3.785e6	0.0
-3.775e6	0.0
-3.765e6	0.0
-3.755e6	0.0
-3.745e6	0.0
-3.735e6	1.0e-8
-3.725e6	0.0
-3.715e6	0.0
-3.705e6	0.0
-3.695e6	0.0
-3.685e6	0.0
-3.675e6	0.0
-3.665e6	0.0
-3.655e6	0.0
-3.645e6	0.0
-3.635e6	0.0
-3.625e6	0.0
-3.615e6	0.0
-3.605e6	0.0
-3.595e6	0.0
-3.585e6	0.0
-3.575e6	0.0
-3.565e6	0.0
-3.555e6	0.0
-3.545e6	0.0
-3.535e6	0.0
-3.525e6	0.0
-3.515e6	0.0
-3.505e6	1.0e-8
-3.495e6	0.0
-3.485e6	0.0
-3.475e6	0.0
-3.465e6	0.0
-3.455e6	0.0
-3.445e6	1.0e-8
-3.435e6	1.0e-8
-3.425e6	0.0
-3.415e6	0.0
-3.405e6	0.0
-3.395e6	1.0e-8
-3.385e6	0.0
-3.375e6	0.0
-3.365e6	0.0
-3.355e6	0.0
-3.345e6	0.0
-3.335e6	0.0
-3.325e6	0.0
-3.315e6	1.0e-8
-3.305e6	1.0e-8
-3.295e6	1.0e-8
-3.285e6	0.0
-3.275e6	0.0
-3.265e6	0.0
-3.255e6	0.0
-3.245e6	0.0
-3.235e6	0.0
-3.225e6	1.0e-8
-3.215e6	0.0
-3.205e6	0.0
-3.195e6	0.0
-3.185e6	0.0
-3.175e6	1.0e-8
-3.165e6	0.0
-3.155e6	0.0
-3.145e6	0.0
-3.135e6	0.0
-3.125e6	0.0
-3.115e6	0.0
-3.105e6	0.0
-3.095e6	0.0
-3.085e6	0.0
-3.075e6	0.0
-3.065e6	1.0e-8
-3.055e6	0.0
-3.045e6	0.0
-3.035e6	1.0e-8
-3.025e6	0.0
-3.015e6	1.0e-8
-3.005e6	0.0
-2.995e6	1.0e-8
-2.985e6	0.0
-2.975e6	0.0
-2.965e6	1.0e-8
-2.955e6	0.0
-2.945e6	3.0e-8
-2.935e6	1.0e-8
-2.925e6	1.0e-8
-2.915e6	1.0e-8
-2.905e6	4.0e-8
-2.895e6	3.0e-8
-2.885e6	0.0
-2.875e6	0.0
-2.865e6	0.0
-2.855e6	0.0
-2.845e6	2.0e-8
-2.835e6	0.0
-2.825e6	1.0e-8
-2.815e6	0.0
-2.805e6	0.0
-2.795e6	1.0e-8
-2.785e6	0.0
-2.775e6	1.0e-8
-2.765e6	0.0
-2.755e6	0.0
-2.745e6	0.0
-2.735e6	1.0e-8
-2.725e6	0.0
-2.715e6	0.0
-2.705e6	0.0
-2.695e6	2.0e-8
-2.685e6	1.0e-8
-2.675e6	1.0e-8
-2.665e6	1.0e-8
-2.655e6	1.0e-8
-2.645e6	0.0
-2.635e6	1.0e-8
-2.625e6	1.0e-8
-2.615e6	0.0
-2.605e6	1.0e-8
-2.595e6	0.0
-2.585e6	2.0e-8
-2.575e6	1.0e-8
-2.565e6	0.0
-2.555e6	1.0e-8
-2.545e6	1.0e-8
-2.535e6	1.0e-8
-2.525e6	2.0e-8
-2.515e6	0.0
-2.505e6	2.0e-8
-2.495e6	2.0e-8
-2.485e6	1.0e-8
-2.475e6	5.0e-8
-2.465e6	3.0e-8
-2.455e6	1.0e-8
-2.445e6	1.0e-8
-2.435e6	1.0e-8
-2.425e6	1.0e-8
-2.415e6	1.0e-8
-2.405e6	1.0e-8
-2.395e6	2.0e-8
-2.385e6	0.0
-2.375e6	0.0
-2.365e6	2.0e-8
-2.355e6	0.0
-2.345e6	1.0e-8
-2.335e6	0.0
-2.325e6	3.0e-8
-2.315e6	3.0e-8
-2.305e6	2.0e-8
-2.295e6	1.0e-8
-2.285e6	1.0e-8
-2.275e6	2.0e-8
-2.265e6	2.0e-8
-2.255e6	3.0e-8
-2.245e6	5.0e-8
-2.235e6	0.0
-2.225e6	1.0e-8
-2.215e6	2.0e-8
-2.205e6	2.0e-8
-2.195e6	2.0e-8
-2.185e6	3.0e-8
-2.175e6	2.0e-8
-2.165e6	5.0e-8
-2.155e6	1.0e-8
-2.145e6	2.0e-8
-2.135e6	4.0e-8
-2.125e6	4.0e-8
-2.115e6	2.0e-8
-2.105e6	1.0e-8
-2.095e6	3.0e-8
-2.085e6	2.0e-8
-2.075e6	1.0e-8
-2.065e6	0.0
-2.055e6	3.0e-8
-2.045e6	3.0e-8
-2.035e6	0.0
-2.025e6	4.0e-8
-2.015e6	4.0e-8
-2.005e6	3.0e-8
-1.995e6	3.0e-8
-1.985e6	3.0e-8
-1.975e6	5.0e-8
-1.965e6	1.0e-8
-1.955e6	2.0e-8
-1.945e6	1.0e-8
-1.935e6	3.0e-8
-1.925e6	5.0e-8
-1.915e6	5.0e-8
-1.905e6	3.0e-8
-1.895e6	3.0e-8
-1.885e6	4.0e-8
-1.875e6	3.0e-8
-1.865e6	7.0e-8
-1.855e6	3.0e-8
-1.845e6	6.0e-8
-1.835e6	7.0e-8
-1.825e6	3.0e-8
-1.815e6	6.0e-8
-1.805e6	4.0e-8
-1.795e6	7.0e-8
-1.785e6	3.0e-8
-1.775e6	5.0e-8
-1.765e6	5.0e-8
-1.755e6	8.0e-8
-1.745e6	5.0e-8
-1.735e6	5.0e-8
-1.725e6	3.0e-8
-1.715e6	2.0e-8
-1.705e6	3.0e-8
-1.695e6	6.0e-8
-1.685e6	3.0e-8
-1.675e6	1.0e-7
-1.665e6	7.0e-8
-1.655e6	5.0e-8
-1.645e6	4.0e-8
-1.635e6	5.0e-8
-1.625e6	8.0e-8
-1.615e6	8.0e-8
-1.605e6	7.0e-8
-1.595e6	2.0e-8
-1.585e6	3.0e-8
-1.575e6	6.0e-8
-1.565e6	7.0e-8
-1.555e6	8.0e-8
-1.545e6	1.1e-7
-1.535e6	1.2e-7
-1.525e6	9.0e-8
-1.515e6	9.0e-8
-1.505e6	6.0e-8
-1.495e6	4.0e-8
-1.485e6	7.0e-8
-1.475e6	9.0e-8
-1.465e6	6.0e-8
-1.455e6	7.0e-8
-1.445e6	5.0e-8
-1.435e6	6.0e-8
-1.425e6	9.0e-8
-1.415e6	4.0e-8
-1.405e6	6.0e-8
-1.395e6	6.0e-8
-1.385e6	8.0e-8
-1.375e6	3.0e-8
-1.365e6	1.0e-7
-1.355e6	6.0e-8
-1.345e6	2.0e-8
-1.335e6	5.0e-8
-1.325e6	1.1e-7
-1.315e6	8.0e-8
-1.305e6	5.0e-8
-1.295e6	1.0e-7
-1.285e6	6.0e-8
-1.275e6	1.0e-7
-1.265e6	1.1e-7
-1.255e6	4.0e-8
-1.245e6	4.0e-8
-1.235e6	3.0e-8
-1.225e6	1.3e-7
-1.215e6	1.0e-7
-1.205e6	8.0e-8
-1.195e6	9.0e-8
-1.185e6	6.0e-8
-1.175e6	8.0e-8
-1.165e6	4.0e-8
-1.155e6	1.1e-7
-1.145e6	8.0e-8
-1.135e6	1.4e-7
-1.125e6	1.1e-7
-1.115e6	1.3e-7
-1.105e6	9.0e-8
-1.095e6	8.0e-8
-1.085e6	1.4e-7
-1.075e6	1.2e-7
-1.065e6	1.3e-7
-1.055e6	1.0e-7
-1.045e6	1.1e-7
-1.035e6	1.2e-7
-1.025e6	9.0e-8
-1.015e6	8.0e-8
-1.005e6	1.1e-7
-995000.0	1.3e-7
-985000.0	1.2e-7
-975000.0	1.0e-7
-965000.0	1.3e-7
-955000.0	1.5e-7
-945000.0	1.4e-7
-935000.0	8.0e-8
-925000.0	2.6e-7
-915000.0	1.2e-7
-905000.0	2.0e-7
-895000.0	2.1e-7
-885000.0	1.4e-7
-875000.0	1.2e-7
-865000.0	2.3e-7
-855000.0	1.7e-7
-845000.0	1.7e-7
-835000.0	9.0e-8
-825000.0	1.1e-7
-815000.0	1.2e-7
-805000.0	1.2e-7
-795000.0	1.2e-7
-785000.0	1.5e-7
-775000.0	1.4e-7
-765000.0	1.8e-7
-755000.0	1.0e-7
-745000.0	1.5e-7
-735000.0	1.4e-7
-725000.0	1.6e-7
-715000.0	1.9e-7
-705000.0	1.9e-7
-695000.0	1.8e-7
-685000.0	1.3e-7
-675000.0	2.0e-7
-665000.0	1.7e-7
-655000.0	1.3e-7
-645000.0	1.0e-7
-635000.0	1.6e-7
-625000.0	1.5e-7
-615000.0	1.5e-7
-605000.0	1.5e-7
-595000.0	1.4e-7
-585000.0	1.8e-7
-575000.0	1.7e-7
-565000.0	2.1e-7
-555000.0	1.9e-7
-545000.0	2.2e-7
-535000.0	2.8e-7
-525000.0	1.7e-7
-515000.0	1.6e-7
-505000.0	2.1e-7
-495000.0	2.0e-7
-485000.0	2.8e-7
-475000.0	2.5e-7
-465000.0	2.6e-7
-455000.0	2.5e-7
-445000.0	2.6e-7
-435000.0	2.0e-7
-425000.0	1.8e-7
-415000.0	2.1e-7
-405000.0	2.1e-7
-395000.0	2.2e-7
-385000.0	1.0e-7
-375000.0	1.8e-7
-365000.0	2.4e-7
-355000.0	1.7e-7
-345000.0	1.9e-7
-335000.0	2.3e-7
-325000.0	3.0e-7
-315000.0	1.7e-7
-305000.0	1.3e-7
-295000.0	1.7e-7
-285000.0	2.0e-7
-275000.0	2.6e-7
-265000.0	2.9e-7
-255000.0	2.6e-7
-245000.0	3.1e-7
-235000.0	2.1e-7
-225000.0	2.6e-7
-215000.0	2.3e-7
-205000.0	1.9e-7
-195000.0	2.1e-7
-185000.0	2.3e-7
-175000.0	2.0e-7
-165000.0	2.5e-7
-155000.0	2.3e-7
-145000.0	3.3e-7
-135000.0	2.0e-7
-125000.0	2.5e-7
-115000.0	1.5e-7
-105000.0	3.0e-7
-95000.0	2.9e-7
-85000.0	2.3e-7
-75000.0	2.1e-7
-65000.0	2.2e-7
-55000.0	1.8e-7
-45000.0	3.2e-7
-35000.0	2.3e-7
-25000.0	3.2e-7
-15000.0	2.5e-7
-5000.0	1.9e-7
5000.0	2.5e-7
15000.0	2.7e-7
25000.0	2.9e-7
35000.0	2.8e-7
45000.0	3.0e-7
55000.0	2.6e-7
65000.0	2.5e-7
75000.0	3.9e-7
85000.0	1.3e-7
95000.0	2.5e-7
105000.0	3.0e-7
115000.0	3.6e-7
125000.0	2.6e-7
135000.0	2.9e-7
145000.0	2.4e-7
155000.0	3.6e-7
165000.0	2.4e-7
175000.0	2.8e-7
185000.0	2.9e-7
195000.0	2.9e-7
205000.0	1.9e-7
215000.0	1.5e-7
225000.0	2.9e-7
235000.0	3.0e-7
245000.0	3.2e-7
255000.0	2.7e-7
265000.0	3.9e-7
275000.0	2.8e-7
285000.0	2.5e-7
295000.0	2.9e-7
305000.0	4.1e-7
315000.0	1.9e-7
325000.0	2.8e-7
335000.0	2.4e-7
345000.0	2.9e-7
355000.0	4.4e-7
365000.0	2.3e-7
375000.0	3.1e-7
385000.0	3.4e-7
395000.0	2.4e-7
405000.0	3.6e-7
415000.0	2.9e-7
425000.0	3.1e-7
435000.0	3.7e-7
445000.0	3.7e-7
455000.0	3.0e-7
465000.0	2.6e-7
475000.0	3.1e-7
485000.0	2.8e-7
495000.0	2.8e-7
505000.0	2.6e-7
515000.0	2.6e-7
525000.0	3.1e-7
535000.0	3.7e-7
545000.0	2.7e-7
555000.0	4.0e-7
565000.0	3.6e-7
575000.0	2.8e-7
585000.0	2.7e-7
595000.0	2.8e-7
605000.0	3.4e-7
615000.0	3.0e-7
625000.0	3.1e-7
635000.0	3.7e-7
645000.0	2.8e-7
655000.0	3.2e-7
665000.0	2.8e-7
675000.0	2.7e-7
685000.0	3.5e-7
695000.0	3.7e-7
705000.0	3.3e-7
715000.0	3.7e-7
725000.0	3.1e-7
735000.0	2.7e-7
745000.0	3.4e-7
755000.0	3.4e-7
765000.0	4.7e-7
775000.0	2.8e-7
785000.0	3.3e-7
795000.0	3.5e-7
805000.0	3.5e-7
815000.0	3.4e-7
825000.0	3.3e-7
835000.0	3.6e-7
845000.0	2.8e-7
855000.0	2.7e-7
865000.0	3.8e-7
875000.0	3.1e-7
885000.0	3.2e-7
895000.0	3.1e-7
905000.0	3.6e-7
915000.0	3.3e-7
925000.0	2.7e-7
935000.0	3.4e-7
945000.0	3.6e-7
955000.0	2.8e-7
965000.0	3.8e-7
975000.0	2.9e-7
985000.0	3.6e-7
995000.0	2.7e-7
1.005e6	2.7e-7
1.015e6	3.4e-7
1.025e6	3.9e-7
1.035e6	3.9e-7
1.045e6	3.5e-7
1.055e6	3.0e-7
1.065e6	3.5e-7
1.075e6	3.5e-7
1.085e6	4.1e-7
1.095e6	3.2e-7
1.105e6	3.1e-7
1.115e6	3.2e-7
1.125e6	2.1e-7
1.135e6	2.8e-7
1.145e6	2.3e-7
1.155e6	2.8e-7
1.165e6	3.2e-7
1.175e6	4.3e-7
1.185e6	2.8e-7
1.195e6	3.5e-7
1.205e6	2.5e-7
1.215e6	2.6e-7
1.225e6	2.5e-7
1.235e6	2.9e-7
1.245e6	2.9e-7
1.255e6	2.4e-7
1.265e6	2.5e-7
1.275e6	3.0e-7
1.285e6	3.1e-7
1.295e6	3.4e-7
1.305e6	3.1e-7
1.315e6	3.4e-7
1.325e6	3.2e-7
1.335e6	3.0e-7
1.345e6	3.5e-7
1.355e6	2.2e-7
1.365e6	2.4e-7
1.375e6	2.2e-7
1.385e6	2.5e-7
1.395e6	2.6e-7
1.405e6	1.9e-7
1.415e6	3.1e-7
1.425e6	3.2e-7
1.435e6	2.7e-7
1.445e6	2.2e-7
1.455e6	1.7e-7
1.465e6	2.6e-7
1.475e6	2.4e-7
1.485e6	1.5e-7
1.495e6	3.2e-7
1.505e6	3.1e-7
1.515e6	2.6e-7
1.525e6	2.9e-7
1.535e6	2.6e-7
1.545e6	2.9e-7
1.555e6	2.1e-7
1.565e6	3.5e-7
1.575e6	1.9e-7
1.585e6	1.9e-7
1.595e6	2.5e-7
1.605e6	1.6e-7
1.615e6	2.3e-7
1.625e6	2.0e-7
1.635e6	2.2e-7
1.645e6	2.9e-7
1.655e6	2.4e-7
1.665e6	2.1e-7
1.675e6	2.9e-7
1.685e6	2.7e-7
1.695e6	1.9e-7
1.705e6	2.0e-7
1.715e6	2.0e-7
1.725e6	2.1e-7
1.735e6	2.2e-7
1.745e6	1.8e-7
1.755e6	2.1e-7
1.765e6	1.9e-7
1.775e6	3.1e-7
1.785e6	2.9e-7
1.795e6	2.2e-7
1.805e6	1.6e-7
1.815e6	2.0e-7
1.825e6	1.7e-7
1.835e6	1.7e-7
1.845e6	2.1e-7
1.855e6	2.7e-7
1.865e6	2.1e-7
1.875e6	2.2e-7
1.885e6	2.5e-7
1.895e6	1.9e-7
1.905e6	2.1e-7
1.915e6	2.1e-7
1.925e6	1.7e-7
1.935e6	2.3e-7
1.945e6	1.6e-7
1.955e6	1.9e-7
1.965e6	2.9e-7
1.975e6	1.7e-7
1.985e6	1.6e-7
1.995e6	2.2e-7
2.005e6	2.9e-7
2.015e6	1.9e-7
2.025e6	1.6e-7
2.035e6	2.1e-7
2.045e6	1.3e-7
2.055e6	2.1e-7
2.065e6	1.2e-7
2.075e6	1.6e-7
2.085e6	1.6e-7
2.095e6	1.6e-7
2.105e6	1.2e-7
2.115e6	1.7e-7
2.125e6	1.7e-7
2.135e6	2.2e-7
2.145e6	1.7e-7
2.155e6	1.8e-7
2.165e6	1.2e-7
2.175e6	1.2e-7
2.185e6	1.1e-7
2.195e6	1.4e-7
2.205e6	2.1e-7
2.215e6	1.8e-7
2.225e6	2.2e-7
2.235e6	1.7e-7
2.245e6	2.2e-7
2.255e6	1.7e-7
2.265e6	1.3e-7
2.275e6	1.6e-7
2.285e6	1.6e-7
2.295e6	2.3e-7
2.305e6	1.5e-7
2.315e6	1.8e-7
2.325e6	1.6e-7
2.335e6	1.1e-7
2.345e6	2.2e-7
2.355e6	1.1e-7
2.365e6	1.1e-7
2.375e6	2.1e-7
2.385e6	1.7e-7
2.395e6	1.7e-7
2.405e6	1.5e-7
2.415e6	1.0e-7
2.425e6	1.1e-7
2.435e6	1.6e-7
2.445e6	1.3e-7
2.455e6	1.4e-7
2.465e6	8.0e-8
2.475e6	9.0e-8
2.485e6	1.2e-7
2.495e6	3.0e-8
2.505e6	1.0e-7
2.515e6	1.4e-7
2.525e6	1.0e-7
2.535e6	8.0e-8
2.545e6	1.4e-7
2.555e6	9.0e-8
2.565e6	6.0e-8
2.575e6	1.4e-7
2.585e6	1.2e-7
2.595e6	1.1e-7
2.605e6	1.6e-7
2.615e6	1.3e-7
2.625e6	1.9e-7
2.635e6	1.0e-7
2.645e6	1.2e-7
2.655e6	1.0e-7
2.665e6	7.0e-8
2.675e6	8.0e-8
2.685e6	1.2e-7
2.695e6	8.0e-8
2.705e6	7.0e-8
2.715e6	9.0e-8
2.725e6	1.0e-7
2.735e6	1.2e-7
2.745e6	8.0e-8
2.755e6	4.0e-8
2.765e6	1.0e-7
2.775e6	8.0e-8
2.785e6	8.0e-8
2.795e6	7.0e-8
2.805e6	1.2e-7
2.815e6	7.0e-8
2.825e6	1.0e-7
2.835e6	1.1e-7
2.845e6	5.0e-8
2.855e6	1.0e-7
2.865e6	1.1e-7
2.875e6	1.1e-7
2.885e6	1.0e-7
2.895e6	6.0e-8
2.905e6	6.0e-8
2.915e6	5.0e-8
2.925e6	5.0e-8
2.935e6	1.0e-7
2.945e6	2.0e-8
2.955e6	9.0e-8
2.965e6	1.1e-7
2.975e6	4.0e-8
2.985e6	8.0e-8
2.995e6	6.0e-8
3.005e6	8.0e-8
3.015e6	1.0e-8
3.025e6	3.0e-8
3.035e6	6.0e-8
3.045e6	4.0e-8
3.055e6	4.0e-8
3.065e6	1.0e-7
3.075e6	5.0e-8
3.085e6	8.0e-8
3.095e6	5.0e-8
3.105e6	4.0e-8
3.115e6	8.0e-8
3.125e6	3.0e-8
3.135e6	3.0e-8
3.145e6	2.0e-8
3.155e6	7.0e-8
3.165e6	1.0e-8
3.175e6	2.0e-8
3.185e6	7.0e-8
3.195e6	7.0e-8
3.205e6	4.0e-8
3.215e6	5.0e-8
3.225e6	3.0e-8
3.235e6	6.0e-8
3.245e6	4.0e-8
3.255e6	5.0e-8
3.265e6	4.0e-8
3.275e6	6.0e-8
3.285e6	7.0e-8
3.295e6	2.0e-8
3.305e6	4.0e-8
3.315e6	8.0e-8
3.325e6	4.0e-8
3.335e6	5.0e-8
3.345e6	3.0e-8
3.355e6	7.0e-8
3.365e6	2.0e-8
3.375e6	6.0e-8
3.385e6	4.0e-8
3.395e6	1.0e-8
3.405e6	1.0e-8
3.415e6	1.0e-8
3.425e6	3.0e-8
3.435e6	2.0e-8
3.445e6	1.0e-8
3.455e6	4.0e-8
3.465e6	5.0e-8
3.475e6	2.0e-8
3.485e6	3.0e-8
3.495e6	1.0e-7
3.505e6	5.0e-8
3.515e6	3.0e-8
3.525e6	1.0e-8
3.535e6	7.0e-8
3.545e6	2.0e-8
3.555e6	2.0e-8
3.565e6	4.0e-8
3.575e6	1.0e-8
3.585e6	3.0e-8
3.595e6	3.0e-8
3.605e6	3.0e-8
3.615e6	3.0e-8
3.625e6	3.0e-8
3.635e6	7.0e-8
3.645e6	1.0e-8
3.655e6	2.0e-8
3.665e6	2.0e-8
3.675e6	1.0e-8
3.685e6	1.0e-8
3.695e6	2.0e-8
3.705e6	1.0e-8
3.715e6	4.0e-8
3.725e6	1.0e-8
3.735e6	1.0e-8
3.745e6	0.0
3.755e6	2.0e-8
3.765e6	2.0e-8
3.775e6	1.0e-8
3.785e6	2.0e-8
3.795e6	3.0e-8
3.805e6	3.0e-8
3.815e6	1.0e-8
3.825e6	1.0e-8
3.835e6	2.0e-8
3.845e6	2.0e-8
3.855e6	3.0e-8
3.865e6	1.0e-8
3.875e6	2.0e-8
3.885e6	2.0e-8
3.895e6	2.0e-8
3.905e6	6.0e-8
3.915e6	0.0
3.925e6	3.0e-8
3.935e6	1.0e-8
3.945e6	0.0
3.955e6	2.0e-8
3.965e6	1.0e-8
3.975e6	0.0
3.985e6	3.0e-8
3.995e6	1.0e-8
4.005e6	2.0e-8
4.015e6	1.0e-8
4.025e6	2.0e-8
4.035e6	2.0e-8
4.045e6	1.0e-8
4.055e6	0.0
4.065e6	1.0e-8
4.075e6	1.0e-8
4.085e6	1.0e-8
4.095e6	0.0
4.105e6	1.0e-8
4.115e6	1.0e-8
4.125e6	1.0e-8
4.135e6	0.0
4.145e6	1.0e-8
4.155e6	0.0
4.165e6	1.0e-8
4.175e6	2.0e-8
4.185e6	1.0e-8
4.195e6	0.0
4.205e6	1.0e-8
4.215e6	1.0e-8
4.225e6	0.0
4.235e6	0.0
4.245e6	0.0
4.255e6	1.0e-8
4.265e6	0.0
4.275e6	0.0
4.285e6	0.0
4.295e6	0.0
4.305e6	0.0
4.315e6	1.0e-8
4.325e6	1.0e-8
4.335e6	0.0
4.345e6	0.0
4.355e6	0.0
4.365e6	0.0
4.375e6	0.0
4.385e6	2.0e-8
4.395e6	1.0e-8
4.405e6	0.0
4.415e6	1.0e-8
4.425e6	2.0e-8
4.435e6	0.0
4.445e6	0.0
4.455e6	0.0
4.465e6	2.0e-8
4.475e6	0.0
4.485e6	0.0
4.495e6	0.0
4.505e6	0.0
4.515e6	0.0
4.525e6	1.0e-8
4.535e6	0.0
4.545e6	0.0
4.555e6	3.0e-8
4.565e6	2.0e-8
4.575e6	0.0
4.585e6	0.0
4.595e6	0.0
4.605e6	0.0
4.615e6	0.0
4.625e6	0.0
4.635e6	0.0
4.645e6	0.0
4.655e6	1.0e-8
4.665e6	1.0e-8
4.675e6	0.0
4.685e6	0.0
4.695e6	0.0
4.705e6	0.0
4.715e6	1.0e-8
4.725e6	0.0
4.735e6	0.0
4.745e6	0.0
4.755e6	0.0
4.765e6	0.0
4.775e6	0.0
4.785e6	0.0
4.795e6	0.0
4.805e6	0.0
4.815e6	0.0
4.825e6	0.0
4.835e6	1.0e-8
4.845e6	0.0
4.855e6	0.0
4.865e6	0.0
4.875e6	0.0
4.885e6	0.0
4.895e6	1.0e-8
4.905e6	0.0
4.915e6	0.0
4.925e6	0.0
4.935e6	0.0
4.945e6	0.0
4.955e6	0.0
4.965e6	0.0
4.975e6	0.0
4.985e6	0.0
4.995e6	0.0
5.005e6	1.0e-8
5.015e6	0.0
5.025e6	1.0e-8
5.035e6	0.0
5.045e6	1.0e-8
5.055e6	0.0
5.065e6	0.0
5.075e6	0.0
5.085e6	0.0
5.095e6	0.0
5.105e6	0.0
5.115e6	0.0
5.125e6	0.0
5.135e6	0.0
5.145e6	0.0
5.155e6	0.0
5.165e6	0.0
5.175e6	0.0
5.185e6	0.0
5.195e6	0.0
5.205e6	0.0
5.215e6	0.0
5.225e6	0.0
5.235e6	0.0
5.245e6	1.0e-8
5.255e6	0.0
5.265e6	0.0
5.275e6	0.0
5.285e6	0.0
5.295e6	0.0
5.305e6	0.0
5.315e6	0.0
5.325e6	0.0
5.335e6	0.0
5.345e6	0.0
5.355e6	0.0
5.365e6	0.0
5.375e6	0.0
5.385e6	0.0
5.395e6	0.0
5.405e6	0.0
5.415e6	0.0
5.425e6	0.0
5.435e6	0.0
5.445e6	0.0
5.455e6	0.0
5.465e6	0.0
5.475e6	0.0
5.485e6	0.0
5.495e6	0.0
5.505e6	0.0
5.515e6	0.0
5.525e6	0.0
5.535e6	1.0e-8
