x	y
-1.15e6	1.0e-12
-1.05e6	0.0
-950000.0	0.0
-850000.0	0.0
-750000.0	0.0
-650000.0	1.0e-12
-550000.0	1.0e-12
-450000.0	0.0
-350000.0	0.0
-250000.0	0.0
-150000.0	0.0
-50000.0	0.0
50000.0	1.0e-12
150000.0	0.0
250000.0	1.0e-12
350000.0	0.0
450000.0	0.0
550000.0	0.0
650000.0	0.0
750000.0	0.0
850000.0	0.0
950000.0	0.0
1.05e6	1.0e-12
1.15e6	0.0
1.25e6	0.0
1.35e6	1.0e-12
1.45e6	2.0e-12
1.55e6	2.0e-12
1.65e6	1.0e-12
1.75e6	2.0e-12
1.85e6	1.0e-12
1.95e6	1.0e-12
2.05e6	4.0e-12
2.15e6	3.0e-12
2.25e6	3.0e-12
2.35e6	1.0e-12
2.45e6	5.0e-12
2.55e6	3.0e-12
2.65e6	2.0e-12
2.75e6	2.0e-12
2.85e6	3.0e-12
2.95e6	6.0e-12
3.05e6	6.0e-12
3.15e6	7.0e-12
3.25e6	3.0e-12
3.35e6	7.0e-12
3.45e6	5.0e-12
3.55e6	6.0e-12
3.65e6	6.0e-12
3.75e6	5.0e-12
3.85e6	1.2e-11
3.95e6	1.1e-11
4.05e6	8.0e-12
4.15e6	1.3e-11
4.25e6	1.0e-11
4.35e6	1.4e-11
4.45e6	1.1e-11
4.55e6	2.1e-11
4.65e6	2.2e-11
4.75e6	2.0e-11
4.85e6	1.8e-11
4.95e6	1.8e-11
5.05e6	2.8e-11
5.15e6	2.4e-11
5.25e6	2.8e-11
5.35e6	2.9e-11
5.45e6	4.4e-11
5.55e6	5.0e-11
5.65e6	3.8e-11
5.75e6	4.7e-11
5.85e6	4.1e-11
5.95e6	5.6e-11
6.05e6	6.7e-11
6.15e6	5.8e-11
6.25e6	6.4e-11
6.35e6	6.0e-11
6.45e6	8.0e-11
6.55e6	8.7e-11
6.65e6	9.7e-11
6.75e6	9.3e-11
6.85e6	1.01e-10
6.95e6	1.04e-10
7.05e6	1.22e-10
7.15e6	1.3e-10
7.25e6	1.27e-10
7.35e6	1.57e-10
7.45e6	1.51e-10
7.55e6	1.92e-10
7.65e6	1.63e-10
7.75e6	1.97e-10
7.85e6	2.06e-10
7.95e6	2.08e-10
8.05e6	1.93e-10
8.15e6	2.48e-10
8.25e6	2.63e-10
8.35e6	2.91e-10
8.45e6	3.11e-10
8.55e6	3.47e-10
8.65e6	3.44e-10
8.75e6	3.66e-10
8.85e6	3.73e-10
8.95e6	4.28e-10
9.05e6	4.55e-10
9.15e6	4.52e-10
9.25e6	5.19e-10
9.35e6	5.71e-10
9.45e6	5.95e-10
9.55e6	6.2e-10
9.65e6	6.57e-10
9.75e6	6.45e-10
9.85e6	6.9e-10
9.95e6	7.91e-10
1.005e7	8.42e-10
1.015e7	9.74e-10
1.025e7	9.7e-10
1.035e7	1.026e-9
1.045e7	1.076e-9
1.055e7	1.098e-9
1.065e7	1.165e-9
1.075e7	1.211e-9
1.085e7	1.377e-9
1.095e7	1.409e-9
1.105e7	1.506e-9
1.115e7	1.622e-9
1.125e7	1.737e-9
1.135e7	1.769e-9
1.145e7	1.852e-9
1.155e7	1.918e-9
1.165e7	2.159e-9
1.175e7	2.25e-9
1.185e7	2.347e-9
1.195e7	2.482e-9
1.205e7	2.475e-9
1.215e7	2.673e-9
1.225e7	2.825e-9
1.235e7	3.1e-9
1.245e7	3.189e-9
1.255e7	3.391e-9
1.265e7	3.526e-9
1.275e7	3.691e-9
1.285e7	3.79e-9
1.295e7	4.053e-9
1.305e7	4.275e-9
1.315e7	4.461e-9
1.325e7	4.721e-9
1.335e7	4.76e-9
1.345e7	5.236e-9
1.355e7	5.472e-9
1.365e7	5.712e-9
1.375e7	5.884e-9
1.385e7	6.138e-9
1.395e7	6.496e-9
1.405e7	6.637e-9
1.415e7	6.881e-9
1.425e7	7.446e-9
1.435e7	7.77e-9
1.445e7	8.024e-9
1.455e7	8.498e-9
1.465e7	8.697e-9
1.475e7	9.173e-9
1.485e7	9.472e-9
1.495e7	9.904e-9
1.505e7	1.0269e-8
1.515e7	1.0739e-8
1.525e7	1.1134e-8
1.535e7	1.1597e-8
1.545e7	1.202e-8
1.555e7	1.2525e-8
1.565e7	1.3195e-8
1.575e7	1.3588e-8
1.585e7	1.389e-8
1.595e7	1.4428e-8
1.605e7	1.518e-8
1.615e7	1.5676e-8
1.625e7	1.6291e-8
1.635e7	1.6945e-8
1.645e7	1.7398e-8
1.655e7	1.79e-8
1.665e7	1.8746e-8
1.675e7	1.9216e-8
1.685e7	1.9941e-8
1.695e7	2.0228e-8
1.705e7	2.115e-8
1.715e7	2.1863e-8
1.725e7	2.2596e-8
1.735e7	2.3233e-8
1.745e7	2.3834e-8
1.755e7	2.4852e-8
1.765e7	2.5628e-8
1.775e7	2.6297e-8
1.785e7	2.721e-8
1.795e7	2.7681e-8
1.805e7	2.8824e-8
1.815e7	2.936e-8
1.825e7	3.0375e-8
1.835e7	3.1311e-8
1.845e7	3.1966e-8
1.855e7	3.2824e-8
1.865e7	3.3758e-8
1.875e7	3.4941e-8
1.885e7	3.5538e-8
1.895e7	3.635e-8
1.905e7	3.7075e-8
1.915e7	3.8232e-8
1.925e7	3.9187e-8
1.935e7	4.0216e-8
1.945e7	4.1226e-8
1.955e7	4.1673e-8
1.965e7	4.2585e-8
1.975e7	4.3589e-8
1.985e7	4.4447e-8
1.995e7	4.5583e-8
2.005e7	4.6206e-8
2.015e7	4.7232e-8
2.025e7	4.8493e-8
2.035e7	4.8748e-8
2.045e7	4.9792e-8
2.055e7	5.1233e-8
2.065e7	5.2004e-8
2.075e7	5.3076e-8
2.085e7	5.3727e-8
2.095e7	5.4839e-8
2.105e7	5.5728e-8
2.115e7	5.6925e-8
2.125e7	5.7392e-8
2.135e7	5.8476e-8
2.145e7	5.9111e-8
2.155e7	6.0403e-8
2.165e7	6.128e-8
2.175e7	6.1389e-8
2.185e7	6.2026e-8
2.195e7	6.3624e-8
2.205e7	6.4079e-8
2.215e7	6.5102e-8
2.225e7	6.5617e-8
2.235e7	6.6576e-8
2.245e7	6.7359e-8
2.255e7	6.759e-8
2.265e7	6.8799e-8
2.275e7	6.8787e-8
2.285e7	6.9891e-8
2.295e7	7.0572e-8
2.305e7	7.1086e-8
2.315e7	7.208e-8
2.325e7	7.2372e-8
2.335e7	7.2808e-8
2.345e7	7.3703e-8
2.355e7	7.3925e-8
2.365e7	7.443e-8
2.375e7	7.4794e-8
2.385e7	7.4865e-8
2.395e7	7.5909e-8
2.405e7	7.5273e-8
2.415e7	7.6044e-8
2.425e7	7.6647e-8
2.435e7	7.6856e-8
2.445e7	7.7427e-8
2.455e7	7.7444e-8
2.465e7	7.7626e-8
2.475e7	7.7953e-8
2.485e7	7.8028e-8
2.495e7	7.7753e-8
2.505e7	7.7972e-8
2.515e7	7.8298e-8
2.525e7	7.7848e-8
2.535e7	7.8237e-8
2.545e7	7.7666e-8
2.555e7	7.8121e-8
2.565e7	7.7486e-8
2.575e7	7.7573e-8
2.585e7	7.7184e-8
2.595e7	7.7648e-8
2.605e7	7.6925e-8
2.615e7	7.6962e-8
2.625e7	7.6658e-8
2.635e7	7.6292e-8
2.645e7	7.612e-8
2.655e7	7.5353e-8
2.665e7	7.5732e-8
2.675e7	7.4457e-8
2.685e7	7.4149e-8
2.695e7	7.4136e-8
2.705e7	7.2889e-8
2.715e7	7.2891e-8
2.725e7	7.2218e-8
2.735e7	7.2055e-8
2.745e7	7.0698e-8
2.755e7	7.0176e-8
2.765e7	6.9656e-8
2.775e7	6.8843e-8
2.785e7	6.8553e-8
2.795e7	6.7749e-8
2.805e7	6.6874e-8
2.815e7	6.5997e-8
2.825e7	6.5819e-8
2.835e7	6.51e-8
2.845e7	6.3762e-8
2.855e7	6.3568e-8
2.865e7	6.2463e-8
2.875e7	6.1919e-8
2.885e7	6.0746e-8
2.895e7	5.9974e-8
2.905e7	5.9503e-8
2.915e7	5.7997e-8
2.925e7	5.7357e-8
2.935e7	5.6697e-8
2.945e7	5.5824e-8
2.955e7	5.446e-8
2.965e7	5.402e-8
2.975e7	5.2824e-8
2.985e7	5.2011e-8
2.995e7	5.1159e-8
3.005e7	5.0023e-8
3.015e7	4.9346e-8
3.025e7	4.8717e-8
3.035e7	4.7522e-8
3.045e7	4.6528e-8
3.055e7	4.5371e-8
3.065e7	4.4593e-8
3.075e7	4.3678e-8
3.085e7	4.2918e-8
3.095e7	4.2025e-8
3.105e7	4.1353e-8
3.115e7	4.0191e-8
3.125e7	3.9037e-8
3.135e7	3.8481e-8
3.145e7	3.7468e-8
3.155e7	3.6698e-8
3.165e7	3.5999e-8
3.175e7	3.4964e-8
3.185e7	3.393e-8
3.195e7	3.347e-8
3.205e7	3.2321e-8
3.215e7	3.147e-8
3.225e7	3.0658e-8
3.235e7	3.0136e-8
3.245e7	2.9343e-8
3.255e7	2.8563e-8
3.265e7	2.7717e-8
3.275e7	2.7045e-8
3.285e7	2.6228e-8
3.295e7	2.5308e-8
3.305e7	2.4508e-8
3.315e7	2.3704e-8
3.325e7	2.3273e-8
3.335e7	2.2569e-8
3.345e7	2.1847e-8
3.355e7	2.1243e-8
3.365e7	2.0629e-8
3.375e7	2.0006e-8
3.385e7	1.9349e-8
3.395e7	1.8682e-8
3.405e7	1.8313e-8
3.415e7	1.7376e-8
3.425e7	1.6765e-8
3.435e7	1.622e-8
3.445e7	1.5859e-8
3.455e7	1.5234e-8
3.465e7	1.4701e-8
3.475e7	1.4147e-8
3.485e7	1.387e-8
3.495e7	1.309e-8
3.505e7	1.2792e-8
3.515e7	1.2283e-8
3.525e7	1.1905e-8
3.535e7	1.1397e-8
3.545e7	1.0985e-8
3.555e7	1.0641e-8
3.565e7	1.0151e-8
3.575e7	9.977e-9
3.585e7	9.558e-9
3.595e7	9.141e-9
3.605e7	8.733e-9
3.615e7	8.275e-9
3.625e7	8.006e-9
3.635e7	7.723e-9
3.645e7	7.49e-9
3.655e7	7.175e-9
3.665e7	6.593e-9
3.675e7	6.542e-9
3.685e7	6.226e-9
3.695e7	5.999e-9
3.705e7	5.741e-9
3.715e7	5.652e-9
3.725e7	5.321e-9
3.735e7	5.084e-9
3.745e7	4.877e-9
3.755e7	4.543e-9
3.765e7	4.438e-9
3.775e7	4.316e-9
3.785e7	4.024e-9
3.795e7	3.817e-9
3.805e7	3.668e-9
3.815e7	3.426e-9
3.825e7	3.301e-9
3.835e7	3.084e-9
3.845e7	3.036e-9
3.855e7	2.821e-9
3.865e7	2.726e-9
3.875e7	2.493e-9
3.885e7	2.565e-9
3.895e7	2.423e-9
3.905e7	2.268e-9
3.915e7	2.148e-9
3.925e7	2.066e-9
3.935e7	1.895e-9
3.945e7	1.767e-9
3.955e7	1.769e-9
3.965e7	1.638e-9
3.975e7	1.543e-9
3.985e7	1.416e-9
3.995e7	1.376e-9
4.005e7	1.35e-9
4.015e7	1.269e-9
4.025e7	1.227e-9
4.035e7	1.116e-9
4.045e7	1.013e-9
4.055e7	1.036e-9
4.065e7	9.69e-10
4.075e7	9.49e-10
4.085e7	8.75e-10
4.095e7	8.02e-10
4.105e7	7.43e-10
4.115e7	7.49e-10
4.125e7	6.75e-10
4.135e7	6.46e-10
4.145e7	6.26e-10
4.155e7	5.43e-10
4.165e7	5.78e-10
4.175e7	5.36e-10
4.185e7	4.8e-10
4.195e7	4.67e-10
4.205e7	4.07e-10
4.215e7	3.98e-10
4.225e7	3.42e-10
4.235e7	3.64e-10
4.245e7	3.19e-10
4.255e7	2.95e-10
4.265e7	2.49e-10
4.275e7	2.75e-10
4.285e7	2.35e-10
4.295e7	2.48e-10
4.305e7	2.3e-10
4.315e7	2.01e-10
4.325e7	1.87e-10
4.335e7	1.84e-10
4.345e7	1.81e-10
4.355e7	1.69e-10
4.365e7	1.72e-10
4.375e7	1.56e-10
4.385e7	1.24e-10
4.395e7	1.48e-10
4.405e7	1.17e-10
4.415e7	1.02e-10
4.425e7	1.08e-10
4.435e7	7.6e-11
4.445e7	8.7e-11
4.455e7	8.5e-11
4.465e7	6.9e-11
4.475e7	8.4e-11
4.485e7	6.3e-11
4.495e7	6.4e-11
4.505e7	6.6e-11
4.515e7	5.6e-11
4.525e7	5.3e-11
4.535e7	5.4e-11
4.545e7	4.5e-11
4.555e7	3.9e-11
4.565e7	4.4e-11
4.575e7	4.4e-11
4.585e7	3.0e-11
4.595e7	4.2e-11
4.605e7	2.4e-11
4.615e7	2.3e-11
4.625e7	2.2e-11
4.635e7	2.4e-11
4.645e7	1.5e-11
4.655e7	1.4e-11
4.665e7	1.5e-11
4.675e7	2.2e-11
4.685e7	1.6e-11
4.695e7	1.3e-11
4.705e7	2.2e-11
4.715e7	1.2e-11
4.725e7	1.2e-11
4.735e7	9.0e-12
4.745e7	8.0e-12
4.755e7	5.0e-12
4.765e7	5.0e-12
4.775e7	7.0e-12
4.785e7	3.0e-12
4.795e7	6.0e-12
4.805e7	9.0e-12
4.815e7	8.0e-12
4.825e7	3.0e-12
4.835e7	2.0e-12
4.845e7	5.0e-12
4.855e7	5.0e-12
4.865e7	3.0e-12
4.875e7	3.0e-12
4.885e7	3.0e-12
4.895e7	2.0e-12
4.905e7	1.0e-12
4.915e7	1.0e-12
4.925e7	3.0e-12
4.935e7	3.0e-12
4.945e7	2.0e-12
4.955e7	1.0e-12
4.965e7	2.0e-12
4.975e7	2.0e-12
4.985e7	2.0e-12
4.995e7	0.0
5.005e7	0.0
5.015e7	5.0e-12
5.025e7	2.0e-12
5.035e7	1.0e-12
5.045e7	1.0e-12
5.055e7	1.0e-12
5.065e7	0.0
5.075e7	0.0
5.085e7	1.0e-12
5.095e7	0.0
5.105e7	0.0
5.115e7	0.0
5.125e7	0.0
5.135e7	1.0e-12
5.145e7	0.0
5.155e7	0.0
5.165e7	0.0
5.175e7	1.0e-12
5.185e7	0.0
5.195e7	0.0
5.205e7	0.0
5.215e7	0.0
5.225e7	0.0
5.235e7	0.0
5.245e7	0.0
5.255e7	0.0
5.265e7	0.0
5.275e7	1.0e-12
5.285e7	0.0
5.295e7	0.0
5.305e7	0.0
5.315e7	0.0
5.325e7	0.0
5.335e7	0.0
5.345e7	0.0
5.355e7	0.0
5.365e7	0.0
5.375e7	0.0
5.385e7	0.0
5.395e7	0.0
5.405e7	0.0
5.415e7	0.0
5.425e7	0.0
5.435e7	0.0
5.445e7	0.0
5.455e7	0.0
5.465e7	0.0
5.475e7	0.0
5.485e7	0.0
5.495e7	0.0
5.505e7	1.0e-12
