x	y
2.45925e7	2.0e-10
2.45975e7	0.0
2.46025e7	4.0e-10
2.46075e7	0.0
2.46125e7	0.0
2.46175e7	0.0
2.46225e7	0.0
2.46275e7	0.0
2.46325e7	0.0
2.46375e7	0.0
2.46425e7	2.0e-10
2.46475e7	2.0e-10
2.46525e7	0.0
2.46575e7	0.0
2.46625e7	0.0
2.46675e7	2.0e-10
2.46725e7	0.0
2.46775e7	0.0
2.46825e7	4.0e-10
2.46875e7	2.0e-10
2.46925e7	4.0e-10
2.46975e7	0.0
2.47025e7	0.0
2.47075e7	4.0e-10
2.47125e7	2.0e-10
2.47175e7	2.0e-10
2.47225e7	0.0
2.47275e7	6.0e-10
2.47325e7	2.0e-10
2.47375e7	1.0e-9
2.47425e7	2.0e-10
2.47475e7	2.0e-10
2.47525e7	6.0e-10
2.47575e7	2.0e-10
2.47625e7	6.0e-10
2.47675e7	6.0e-10
2.47725e7	6.0e-10
2.47775e7	1.6e-9
2.47825e7	6.0e-10
2.47875e7	1.0e-9
2.47925e7	1.2e-9
2.47975e7	8.0e-10
2.48025e7	6.0e-10
2.48075e7	1.8e-9
2.48125e7	1.8e-9
2.48175e7	1.2e-9
2.48225e7	2.0e-10
2.48275e7	1.0e-9
2.48325e7	1.4e-9
2.48375e7	2.6e-9
2.48425e7	2.6e-9
2.48475e7	2.0e-9
2.48525e7	2.6e-9
2.48575e7	2.2e-9
2.48625e7	1.4e-9
2.48675e7	3.4e-9
2.48725e7	2.2e-9
2.48775e7	3.4e-9
2.48825e7	3.8e-9
2.48875e7	3.0e-9
2.48925e7	2.6e-9
2.48975e7	3.0e-9
2.49025e7	5.0e-9
2.49075e7	3.2e-9
2.49125e7	3.2e-9
2.49175e7	4.8e-9
2.49225e7	6.2e-9
2.49275e7	3.4e-9
2.49325e7	5.6e-9
2.49375e7	4.4e-9
2.49425e7	5.8e-9
2.49475e7	5.4e-9
2.49525e7	8.4e-9
2.49575e7	8.2e-9
2.49625e7	7.2e-9
2.49675e7	9.4e-9
2.49725e7	1.04e-8
2.49775e7	9.0e-9
2.49825e7	1.12e-8
2.49875e7	9.2e-9
2.49925e7	1.22e-8
2.49975e7	1.14e-8
2.50025e7	1.22e-8
2.50075e7	1.24e-8
2.50125e7	1.4e-8
2.50175e7	1.66e-8
2.50225e7	1.6e-8
2.50275e7	1.54e-8
2.50325e7	1.94e-8
2.50375e7	2.02e-8
2.50425e7	1.76e-8
2.50475e7	2.04e-8
2.50525e7	2.12e-8
2.50575e7	2.44e-8
2.50625e7	2.32e-8
2.50675e7	2.92e-8
2.50725e7	3.06e-8
2.50775e7	2.84e-8
2.50825e7	2.8e-8
2.50875e7	3.08e-8
2.50925e7	3.62e-8
2.50975e7	3.72e-8
2.51025e7	3.86e-8
2.51075e7	4.0e-8
2.51125e7	4.6e-8
2.51175e7	4.22e-8
2.51225e7	4.22e-8
2.51275e7	5.08e-8
2.51325e7	4.72e-8
2.51375e7	5.34e-8
2.51425e7	5.7e-8
2.51475e7	5.5e-8
2.51525e7	6.24e-8
2.51575e7	6.46e-8
2.51625e7	7.08e-8
2.51675e7	6.52e-8
2.51725e7	7.74e-8
2.51775e7	7.74e-8
2.51825e7	7.76e-8
2.51875e7	8.36e-8
2.51925e7	8.64e-8
2.51975e7	8.82e-8
2.52025e7	1.06e-7
2.52075e7	1.038e-7
2.52125e7	1.058e-7
2.52175e7	1.072e-7
2.52225e7	1.114e-7
2.52275e7	1.154e-7
2.52325e7	1.176e-7
2.52375e7	1.26e-7
2.52425e7	1.426e-7
2.52475e7	1.35e-7
2.52525e7	1.446e-7
2.52575e7	1.564e-7
2.52625e7	1.708e-7
2.52675e7	1.66e-7
2.52725e7	1.692e-7
2.52775e7	1.828e-7
2.52825e7	1.82e-7
2.52875e7	1.88e-7
2.52925e7	2.036e-7
2.52975e7	2.14e-7
2.53025e7	2.184e-7
2.53075e7	2.15e-7
2.53125e7	2.276e-7
2.53175e7	2.398e-7
2.53225e7	2.424e-7
2.53275e7	2.56e-7
2.53325e7	2.68e-7
2.53375e7	2.842e-7
2.53425e7	2.704e-7
2.53475e7	3.058e-7
2.53525e7	2.962e-7
2.53575e7	3.3e-7
2.53625e7	3.278e-7
2.53675e7	3.384e-7
2.53725e7	3.45e-7
2.53775e7	3.678e-7
2.53825e7	3.752e-7
2.53875e7	3.804e-7
2.53925e7	3.83e-7
2.53975e7	4.136e-7
2.54025e7	4.06e-7
2.54075e7	4.448e-7
2.54125e7	4.542e-7
2.54175e7	4.512e-7
2.54225e7	4.664e-7
2.54275e7	4.95e-7
2.54325e7	5.016e-7
2.54375e7	5.218e-7
2.54425e7	5.306e-7
2.54475e7	5.542e-7
2.54525e7	5.724e-7
2.54575e7	5.742e-7
2.54625e7	5.734e-7
2.54675e7	6.066e-7
2.54725e7	5.984e-7
2.54775e7	6.35e-7
2.54825e7	6.458e-7
2.54875e7	6.534e-7
2.54925e7	6.67e-7
2.54975e7	6.802e-7
2.55025e7	7.166e-7
2.55075e7	7.292e-7
2.55125e7	7.364e-7
2.55175e7	7.562e-7
2.55225e7	7.868e-7
2.55275e7	7.762e-7
2.55325e7	7.724e-7
2.55375e7	8.038e-7
2.55425e7	8.51e-7
2.55475e7	8.296e-7
2.55525e7	8.774e-7
2.55575e7	8.936e-7
2.55625e7	9.116e-7
2.55675e7	9.204e-7
2.55725e7	9.708e-7
2.55775e7	9.536e-7
2.55825e7	9.962e-7
2.55875e7	9.984e-7
2.55925e7	1.0212e-6
2.55975e7	1.0338e-6
2.56025e7	1.0402e-6
2.56075e7	1.0452e-6
2.56125e7	1.0616e-6
2.56175e7	1.0692e-6
2.56225e7	1.0892e-6
2.56275e7	1.0862e-6
2.56325e7	1.1516e-6
2.56375e7	1.1524e-6
2.56425e7	1.1738e-6
2.56475e7	1.1674e-6
2.56525e7	1.203e-6
2.56575e7	1.2086e-6
2.56625e7	1.2434e-6
2.56675e7	1.2542e-6
2.56725e7	1.2426e-6
2.56775e7	1.2706e-6
2.56825e7	1.2892e-6
2.56875e7	1.2918e-6
2.56925e7	1.3322e-6
2.56975e7	1.322e-6
2.57025e7	1.3506e-6
2.57075e7	1.3494e-6
2.57125e7	1.3354e-6
2.57175e7	1.3536e-6
2.57225e7	1.3844e-6
2.57275e7	1.4074e-6
2.57325e7	1.4048e-6
2.57375e7	1.4284e-6
2.57425e7	1.411e-6
2.57475e7	1.4342e-6
2.57525e7	1.4586e-6
2.57575e7	1.435e-6
2.57625e7	1.4742e-6
2.57675e7	1.4412e-6
2.57725e7	1.4478e-6
2.57775e7	1.4328e-6
2.57825e7	1.4618e-6
2.57875e7	1.4944e-6
2.57925e7	1.455e-6
2.57975e7	1.51e-6
2.58025e7	1.482e-6
2.58075e7	1.4612e-6
2.58125e7	1.4954e-6
2.58175e7	1.5048e-6
2.58225e7	1.4968e-6
2.58275e7	1.4878e-6
2.58325e7	1.4642e-6
2.58375e7	1.4954e-6
2.58425e7	1.4784e-6
2.58475e7	1.4918e-6
2.58525e7	1.4992e-6
2.58575e7	1.5064e-6
2.58625e7	1.511e-6
2.58675e7	1.486e-6
2.58725e7	1.4722e-6
2.58775e7	1.4846e-6
2.58825e7	1.4774e-6
2.58875e7	1.464e-6
2.58925e7	1.4324e-6
2.58975e7	1.4404e-6
2.59025e7	1.424e-6
2.59075e7	1.4332e-6
2.59125e7	1.4528e-6
2.59175e7	1.3898e-6
2.59225e7	1.3774e-6
2.59275e7	1.375e-6
2.59325e7	1.3718e-6
2.59375e7	1.4034e-6
2.59425e7	1.354e-6
2.59475e7	1.354e-6
2.59525e7	1.3394e-6
2.59575e7	1.3222e-6
2.59625e7	1.2932e-6
2.59675e7	1.2974e-6
2.59725e7	1.3272e-6
2.59775e7	1.281e-6
2.59825e7	1.274e-6
2.59875e7	1.2336e-6
2.59925e7	1.2588e-6
2.59975e7	1.2302e-6
2.60025e7	1.2226e-6
2.60075e7	1.1774e-6
2.60125e7	1.1858e-6
2.60175e7	1.1728e-6
2.60225e7	1.1432e-6
2.60275e7	1.1408e-6
2.60325e7	1.1408e-6
2.60375e7	1.105e-6
2.60425e7	1.0846e-6
2.60475e7	1.0736e-6
2.60525e7	1.0388e-6
2.60575e7	1.0486e-6
2.60625e7	1.0034e-6
2.60675e7	9.928e-7
2.60725e7	9.966e-7
2.60775e7	9.65e-7
2.60825e7	9.488e-7
2.60875e7	9.332e-7
2.60925e7	9.03e-7
2.60975e7	8.99e-7
2.61025e7	8.786e-7
2.61075e7	8.388e-7
2.61125e7	8.45e-7
2.61175e7	8.262e-7
2.61225e7	8.114e-7
2.61275e7	7.896e-7
2.61325e7	7.858e-7
2.61375e7	7.626e-7
2.61425e7	7.386e-7
2.61475e7	7.316e-7
2.61525e7	7.152e-7
2.61575e7	6.884e-7
2.61625e7	6.942e-7
2.61675e7	6.498e-7
2.61725e7	6.316e-7
2.61775e7	6.446e-7
2.61825e7	6.288e-7
2.61875e7	6.116e-7
2.61925e7	5.706e-7
2.61975e7	5.656e-7
2.62025e7	5.744e-7
2.62075e7	5.424e-7
2.62125e7	5.298e-7
2.62175e7	5.336e-7
2.62225e7	5.086e-7
2.62275e7	4.82e-7
2.62325e7	4.848e-7
2.62375e7	4.46e-7
2.62425e7	4.52e-7
2.62475e7	4.302e-7
2.62525e7	4.476e-7
2.62575e7	4.152e-7
2.62625e7	3.922e-7
2.62675e7	3.726e-7
2.62725e7	3.67e-7
2.62775e7	3.648e-7
2.62825e7	3.448e-7
2.62875e7	3.484e-7
2.62925e7	3.31e-7
2.62975e7	3.326e-7
2.63025e7	3.164e-7
2.63075e7	3.036e-7
2.63125e7	2.984e-7
2.63175e7	2.728e-7
2.63225e7	2.766e-7
2.63275e7	2.636e-7
2.63325e7	2.392e-7
2.63375e7	2.456e-7
2.63425e7	2.5e-7
2.63475e7	2.224e-7
2.63525e7	2.2e-7
2.63575e7	2.122e-7
2.63625e7	2.02e-7
2.63675e7	2.108e-7
2.63725e7	1.93e-7
2.63775e7	1.764e-7
2.63825e7	1.87e-7
2.63875e7	1.728e-7
2.63925e7	1.688e-7
2.63975e7	1.61e-7
2.64025e7	1.48e-7
2.64075e7	1.492e-7
2.64125e7	1.398e-7
2.64175e7	1.354e-7
2.64225e7	1.32e-7
2.64275e7	1.204e-7
2.64325e7	1.114e-7
2.64375e7	1.062e-7
2.64425e7	1.056e-7
2.64475e7	9.0e-8
2.64525e7	9.9e-8
2.64575e7	9.12e-8
2.64625e7	9.76e-8
2.64675e7	8.7e-8
2.64725e7	7.6e-8
2.64775e7	7.74e-8
2.64825e7	6.1e-8
2.64875e7	7.14e-8
2.64925e7	6.94e-8
2.64975e7	7.2e-8
2.65025e7	6.7e-8
2.65075e7	5.88e-8
2.65125e7	5.02e-8
2.65175e7	5.76e-8
2.65225e7	4.9e-8
2.65275e7	5.1e-8
2.65325e7	4.12e-8
2.65375e7	4.68e-8
2.65425e7	4.32e-8
2.65475e7	3.48e-8
2.65525e7	3.72e-8
2.65575e7	3.86e-8
2.65625e7	3.68e-8
2.65675e7	3.06e-8
2.65725e7	2.86e-8
2.65775e7	2.88e-8
2.65825e7	2.78e-8
2.65875e7	2.6e-8
2.65925e7	2.72e-8
2.65975e7	2.8e-8
2.66025e7	2.22e-8
2.66075e7	2.16e-8
2.66125e7	2.14e-8
2.66175e7	1.88e-8
2.66225e7	2.26e-8
2.66275e7	1.66e-8
2.66325e7	1.88e-8
2.66375e7	1.42e-8
2.66425e7	1.52e-8
2.66475e7	1.46e-8
2.66525e7	1.1e-8
2.66575e7	1.14e-8
2.66625e7	1.42e-8
2.66675e7	1.1e-8
2.66725e7	1.14e-8
2.66775e7	9.4e-9
2.66825e7	9.2e-9
2.66875e7	7.8e-9
2.66925e7	9.0e-9
2.66975e7	7.8e-9
2.67025e7	5.6e-9
2.67075e7	6.8e-9
2.67125e7	7.8e-9
2.67175e7	7.8e-9
2.67225e7	7.2e-9
2.67275e7	7.4e-9
2.67325e7	3.6e-9
2.67375e7	4.8e-9
2.67425e7	4.0e-9
2.67475e7	4.2e-9
2.67525e7	3.6e-9
2.67575e7	4.2e-9
2.67625e7	3.0e-9
2.67675e7	3.4e-9
2.67725e7	2.2e-9
2.67775e7	3.6e-9
2.67825e7	3.2e-9
2.67875e7	1.4e-9
2.67925e7	1.8e-9
2.67975e7	2.0e-9
2.68025e7	2.2e-9
2.68075e7	2.0e-9
2.68125e7	2.0e-9
2.68175e7	1.6e-9
2.68225e7	1.6e-9
2.68275e7	4.0e-10
2.68325e7	1.6e-9
2.68375e7	1.2e-9
2.68425e7	6.0e-10
2.68475e7	3.0e-9
2.68525e7	4.0e-10
2.68575e7	8.0e-10
2.68625e7	6.0e-10
2.68675e7	6.0e-10
2.68725e7	4.0e-10
2.68775e7	8.0e-10
2.68825e7	4.0e-10
2.68875e7	4.0e-10
2.68925e7	8.0e-10
2.68975e7	1.0e-9
2.69025e7	6.0e-10
2.69075e7	2.0e-10
2.69125e7	6.0e-10
2.69175e7	4.0e-10
2.69225e7	4.0e-10
2.69275e7	0.0
2.69325e7	6.0e-10
2.69375e7	6.0e-10
2.69425e7	2.0e-10
2.69475e7	4.0e-10
2.69525e7	6.0e-10
2.69575e7	0.0
2.69625e7	2.0e-10
2.69675e7	1.2e-9
2.69725e7	0.0
2.69775e7	0.0
2.69825e7	0.0
2.69875e7	0.0
2.69925e7	2.0e-10
2.69975e7	2.0e-10
2.70025e7	0.0
2.70075e7	0.0
2.70125e7	0.0
2.70175e7	2.0e-10
2.70225e7	0.0
2.70275e7	0.0
2.70325e7	2.0e-10
2.70375e7	0.0
2.70425e7	0.0
2.70475e7	0.0
2.70525e7	0.0
2.70575e7	2.0e-10
2.70625e7	0.0
2.70675e7	0.0
2.70725e7	0.0
2.70775e7	0.0
2.70825e7	0.0
2.70875e7	0.0
2.70925e7	0.0
2.70975e7	0.0
2.71025e7	0.0
2.71075e7	0.0
2.71125e7	0.0
2.71175e7	2.0e-10
2.71225e7	0.0
2.71275e7	0.0
2.71325e7	0.0
2.71375e7	0.0
2.71425e7	0.0
2.71475e7	0.0
2.71525e7	2.0e-10
2.71575e7	0.0
2.71625e7	2.0e-10
2.71675e7	2.0e-10
2.71725e7	0.0
2.71775e7	0.0
2.71825e7	0.0
2.71875e7	0.0
2.71925e7	0.0
2.71975e7	0.0
2.72025e7	0.0
2.72075e7	0.0
2.72125e7	0.0
2.72175e7	0.0
2.72225e7	0.0
2.72275e7	0.0
2.72325e7	0.0
2.72375e7	0.0
2.72425e7	0.0
2.72475e7	0.0
2.72525e7	0.0
2.72575e7	0.0
2.72625e7	0.0
2.72675e7	2.0e-10
