x	y
-2.085e6	1.0e-11
-2.075e6	0.0
-2.065e6	0.0
-2.055e6	0.0
-2.045e6	0.0
-2.035e6	0.0
-2.025e6	0.0
-2.015e6	0.0
-2.005e6	0.0
-1.995e6	0.0
-1.985e6	0.0
-1.975e6	1.0e-11
-1.965e6	0.0
-1.955e6	0.0
-1.945e6	0.0
-1.935e6	0.0
-1.925e6	1.0e-11
-1.915e6	1.0e-11
-1.905e6	0.0
-1.895e6	0.0
-1.885e6	0.0
-1.875e6	0.0
-1.865e6	0.0
-1.855e6	0.0
-1.845e6	0.0
-1.835e6	0.0
-1.825e6	0.0
-1.815e6	0.0
-1.805e6	0.0
-1.795e6	0.0
-1.785e6	0.0
-1.775e6	0.0
-1.765e6	0.0
-1.755e6	0.0
-1.745e6	1.0e-11
-1.735e6	1.0e-11
-1.725e6	0.0
-1.715e6	0.0
-1.705e6	1.0e-11
-1.695e6	0.0
-1.685e6	0.0
-1.675e6	0.0
-1.665e6	0.0
-1.655e6	0.0
-1.645e6	1.0e-11
-1.635e6	1.0e-11
-1.625e6	0.0
-1.615e6	0.0
-1.605e6	0.0
-1.595e6	1.0e-11
-1.585e6	0.0
-1.575e6	2.0e-11
-1.565e6	1.0e-11
-1.555e6	1.0e-11
-1.545e6	0.0
-1.535e6	1.0e-11
-1.525e6	1.0e-11
-1.515e6	0.0
-1.505e6	1.0e-11
-1.495e6	2.0e-11
-1.485e6	2.0e-11
-1.475e6	0.0
-1.465e6	1.0e-11
-1.455e6	0.0
-1.445e6	0.0
-1.435e6	3.0e-11
-1.425e6	1.0e-11
-1.415e6	2.0e-11
-1.405e6	3.0e-11
-1.395e6	1.0e-11
-1.385e6	0.0
-1.375e6	5.0e-11
-1.365e6	3.0e-11
-1.355e6	0.0
-1.345e6	2.0e-11
-1.335e6	3.0e-11
-1.325e6	3.0e-11
-1.315e6	4.0e-11
-1.305e6	4.0e-11
-1.295e6	2.0e-11
-1.285e6	2.0e-11
-1.275e6	4.0e-11
-1.265e6	6.0e-11
-1.255e6	4.0e-11
-1.245e6	3.0e-11
-1.235e6	8.0e-11
-1.225e6	1.0e-10
-1.215e6	6.0e-11
-1.205e6	5.0e-11
-1.195e6	7.0e-11
-1.185e6	5.0e-11
-1.175e6	2.0e-11
-1.165e6	1.0e-10
-1.155e6	7.0e-11
-1.145e6	7.0e-11
-1.135e6	1.2e-10
-1.125e6	2.0e-10
-1.115e6	1.2e-10
-1.105e6	1.6e-10
-1.095e6	1.3e-10
-1.085e6	9.0e-11
-1.075e6	1.5e-10
-1.065e6	1.4e-10
-1.055e6	1.4e-10
-1.045e6	1.6e-10
-1.035e6	1.5e-10
-1.025e6	1.6e-10
-1.015e6	2.4e-10
-1.005e6	2.5e-10
-995000.0	2.1e-10
-985000.0	2.6e-10
-975000.0	2.9e-10
-965000.0	2.8e-10
-955000.0	3.6e-10
-945000.0	3.5e-10
-935000.0	4.0e-10
-925000.0	4.1e-10
-915000.0	4.2e-10
-905000.0	4.9e-10
-895000.0	4.8e-10
-885000.0	5.8e-10
-875000.0	4.3e-10
-865000.0	6.2e-10
-855000.0	7.3e-10
-845000.0	7.1e-10
-835000.0	7.5e-10
-825000.0	8.5e-10
-815000.0	8.2e-10
-805000.0	8.6e-10
-795000.0	1.01e-9
-785000.0	1.01e-9
-775000.0	1.17e-9
-765000.0	1.14e-9
-755000.0	1.0e-9
-745000.0	1.47e-9
-735000.0	1.41e-9
-725000.0	1.51e-9
-715000.0	1.95e-9
-705000.0	1.95e-9
-695000.0	2.11e-9
-685000.0	1.92e-9
-675000.0	2.06e-9
-665000.0	2.36e-9
-655000.0	2.67e-9
-645000.0	2.56e-9
-635000.0	2.92e-9
-625000.0	3.7e-9
-615000.0	3.12e-9
-605000.0	3.34e-9
-595000.0	3.72e-9
-585000.0	4.26e-9
-575000.0	4.87e-9
-565000.0	4.63e-9
-555000.0	5.07e-9
-545000.0	5.92e-9
-535000.0	6.03e-9
-525000.0	6.26e-9
-515000.0	6.6e-9
-505000.0	7.19e-9
-495000.0	8.02e-9
-485000.0	8.09e-9
-475000.0	8.91e-9
-465000.0	9.62e-9
-455000.0	1.092e-8
-445000.0	1.092e-8
-435000.0	1.178e-8
-425000.0	1.254e-8
-415000.0	1.338e-8
-405000.0	1.466e-8
-395000.0	1.592e-8
-385000.0	1.597e-8
-375000.0	1.77e-8
-365000.0	1.879e-8
-355000.0	2.143e-8
-345000.0	2.165e-8
-335000.0	2.345e-8
-325000.0	2.542e-8
-315000.0	2.69e-8
-305000.0	2.841e-8
-295000.0	3.047e-8
-285000.0	3.288e-8
-275000.0	3.577e-8
-265000.0	3.782e-8
-255000.0	4.102e-8
-245000.0	4.406e-8
-235000.0	4.669e-8
-225000.0	5.072e-8
-215000.0	5.37e-8
-205000.0	6.01e-8
-195000.0	6.208e-8
-185000.0	6.721e-8
-175000.0	7.137e-8
-165000.0	7.615e-8
-155000.0	8.229e-8
-145000.0	8.646e-8
-135000.0	9.341e-8
-125000.0	1.0134e-7
-115000.0	1.0741e-7
-105000.0	1.1791e-7
-95000.0	1.2584e-7
-85000.0	1.3526e-7
-75000.0	1.4421e-7
-65000.0	1.5661e-7
-55000.0	1.6922e-7
-45000.0	1.8151e-7
-35000.0	1.93e-7
-25000.0	2.0622e-7
-15000.0	2.2538e-7
-5000.0	2.41e-7
5000.0	2.6173e-7
15000.0	2.8058e-7
25000.0	3.0204e-7
35000.0	3.252e-7
45000.0	3.4592e-7
55000.0	3.7333e-7
65000.0	3.9857e-7
75000.0	4.3243e-7
85000.0	4.6873e-7
95000.0	5.0038e-7
105000.0	5.381e-7
115000.0	5.7704e-7
125000.0	6.2282e-7
135000.0	6.6322e-7
145000.0	7.1213e-7
155000.0	7.5783e-7
165000.0	8.1291e-7
175000.0	8.7272e-7
185000.0	9.2583e-7
195000.0	9.8396e-7
205000.0	1.04316e-6
215000.0	1.09634e-6
225000.0	1.16514e-6
235000.0	1.22504e-6
245000.0	1.28905e-6
255000.0	1.33749e-6
265000.0	1.39771e-6
275000.0	1.4555e-6
285000.0	1.50128e-6
295000.0	1.54707e-6
305000.0	1.59167e-6
315000.0	1.63025e-6
325000.0	1.66277e-6
335000.0	1.68976e-6
345000.0	1.70911e-6
355000.0	1.72478e-6
365000.0	1.73804e-6
375000.0	1.74647e-6
385000.0	1.73781e-6
395000.0	1.73356e-6
405000.0	1.72757e-6
415000.0	1.71032e-6
425000.0	1.69137e-6
435000.0	1.67559e-6
445000.0	1.6506e-6
455000.0	1.62609e-6
465000.0	1.5905e-6
475000.0	1.55133e-6
485000.0	1.52347e-6
495000.0	1.48537e-6
505000.0	1.44707e-6
515000.0	1.41052e-6
525000.0	1.37539e-6
535000.0	1.32952e-6
545000.0	1.28466e-6
555000.0	1.24419e-6
565000.0	1.21235e-6
575000.0	1.17262e-6
585000.0	1.13319e-6
595000.0	1.08873e-6
605000.0	1.05211e-6
615000.0	1.01724e-6
625000.0	9.8012e-7
635000.0	9.4467e-7
645000.0	9.0327e-7
655000.0	8.7252e-7
665000.0	8.4034e-7
675000.0	8.0861e-7
685000.0	7.7461e-7
695000.0	7.457e-7
705000.0	7.1956e-7
715000.0	6.8462e-7
725000.0	6.6247e-7
735000.0	6.3501e-7
745000.0	6.1393e-7
755000.0	5.8431e-7
765000.0	5.5823e-7
775000.0	5.4139e-7
785000.0	5.2089e-7
795000.0	4.9764e-7
805000.0	4.7492e-7
815000.0	4.5516e-7
825000.0	4.3811e-7
835000.0	4.177e-7
845000.0	4.041e-7
855000.0	3.8516e-7
865000.0	3.717e-7
875000.0	3.5928e-7
885000.0	3.4283e-7
895000.0	3.2364e-7
905000.0	3.1461e-7
915000.0	3.0156e-7
925000.0	2.8729e-7
935000.0	2.7543e-7
945000.0	2.6512e-7
955000.0	2.5538e-7
965000.0	2.4214e-7
975000.0	2.367e-7
985000.0	2.2501e-7
995000.0	2.1803e-7
1.005e6	2.0438e-7
1.015e6	1.9395e-7
1.025e6	1.8739e-7
1.035e6	1.8193e-7
1.045e6	1.7306e-7
1.055e6	1.652e-7
1.065e6	1.5718e-7
1.075e6	1.5289e-7
1.085e6	1.4668e-7
1.095e6	1.3908e-7
1.105e6	1.3402e-7
1.115e6	1.2862e-7
1.125e6	1.2147e-7
1.135e6	1.1793e-7
1.145e6	1.117e-7
1.155e6	1.0836e-7
1.165e6	1.0339e-7
1.175e6	9.975e-8
1.185e6	9.465e-8
1.195e6	9.119e-8
1.205e6	8.692e-8
1.215e6	8.372e-8
1.225e6	8.018e-8
1.235e6	7.533e-8
1.245e6	7.325e-8
1.255e6	7.14e-8
1.265e6	6.795e-8
1.275e6	6.443e-8
1.285e6	6.084e-8
1.295e6	5.955e-8
1.305e6	5.826e-8
1.315e6	5.565e-8
1.325e6	5.107e-8
1.335e6	4.858e-8
1.345e6	4.708e-8
1.355e6	4.589e-8
1.365e6	4.341e-8
1.375e6	4.176e-8
1.385e6	3.845e-8
1.395e6	3.857e-8
1.405e6	3.625e-8
1.415e6	3.431e-8
1.425e6	3.324e-8
1.435e6	3.197e-8
1.445e6	2.99e-8
1.455e6	2.888e-8
1.465e6	2.778e-8
1.475e6	2.612e-8
1.485e6	2.562e-8
1.495e6	2.389e-8
1.505e6	2.316e-8
1.515e6	2.208e-8
1.525e6	2.082e-8
1.535e6	2.082e-8
1.545e6	1.857e-8
1.555e6	1.817e-8
1.565e6	1.811e-8
1.575e6	1.747e-8
1.585e6	1.749e-8
1.595e6	1.553e-8
1.605e6	1.485e-8
1.615e6	1.453e-8
1.625e6	1.304e-8
1.635e6	1.284e-8
1.645e6	1.3e-8
1.655e6	1.163e-8
1.665e6	1.134e-8
1.675e6	1.09e-8
1.685e6	1.038e-8
1.695e6	9.83e-9
1.705e6	9.82e-9
1.715e6	9.18e-9
1.725e6	8.81e-9
1.735e6	8.54e-9
1.745e6	7.89e-9
1.755e6	7.73e-9
1.765e6	7.56e-9
1.775e6	6.78e-9
1.785e6	6.36e-9
1.795e6	6.3e-9
1.805e6	5.75e-9
1.815e6	5.88e-9
1.825e6	5.32e-9
1.835e6	5.24e-9
1.845e6	4.87e-9
1.855e6	5.1e-9
1.865e6	4.75e-9
1.875e6	4.19e-9
1.885e6	3.78e-9
1.895e6	4.09e-9
1.905e6	3.81e-9
1.915e6	3.78e-9
1.925e6	3.47e-9
1.935e6	3.49e-9
1.945e6	3.06e-9
1.955e6	3.13e-9
1.965e6	2.67e-9
1.975e6	2.98e-9
1.985e6	2.75e-9
1.995e6	2.53e-9
2.005e6	2.48e-9
2.015e6	2.29e-9
2.025e6	2.28e-9
2.035e6	2.14e-9
2.045e6	2.22e-9
2.055e6	2.1e-9
2.065e6	1.73e-9
2.075e6	1.74e-9
2.085e6	1.55e-9
2.095e6	1.84e-9
2.105e6	1.57e-9
2.115e6	1.63e-9
2.125e6	1.54e-9
2.135e6	1.26e-9
2.145e6	1.22e-9
2.155e6	1.18e-9
2.165e6	1.12e-9
2.175e6	1.07e-9
2.185e6	1.08e-9
2.195e6	1.02e-9
2.205e6	1.12e-9
2.215e6	8.6e-10
2.225e6	7.2e-10
2.235e6	8.9e-10
2.245e6	7.9e-10
2.255e6	8.1e-10
2.265e6	6.1e-10
2.275e6	8.6e-10
2.285e6	6.1e-10
2.295e6	5.9e-10
2.305e6	5.6e-10
2.315e6	6.0e-10
2.325e6	5.0e-10
2.335e6	4.2e-10
2.345e6	4.6e-10
2.355e6	4.1e-10
2.365e6	4.0e-10
2.375e6	4.7e-10
2.385e6	3.9e-10
2.395e6	5.0e-10
2.405e6	3.0e-10
2.415e6	4.1e-10
2.425e6	3.4e-10
2.435e6	2.5e-10
2.445e6	2.3e-10
2.455e6	2.8e-10
2.465e6	2.1e-10
2.475e6	2.3e-10
2.485e6	3.4e-10
2.495e6	2.6e-10
2.505e6	3.0e-10
2.515e6	2.2e-10
2.525e6	2.9e-10
2.535e6	1.7e-10
2.545e6	1.1e-10
2.555e6	1.9e-10
2.565e6	1.6e-10
2.575e6	9.0e-11
2.585e6	6.0e-11
2.595e6	1.5e-10
2.605e6	1.1e-10
2.615e6	1.9e-10
2.625e6	9.0e-11
2.635e6	1.7e-10
2.645e6	1.2e-10
2.655e6	1.0e-10
2.665e6	1.1e-10
2.675e6	6.0e-11
2.685e6	1.1e-10
2.695e6	8.0e-11
2.705e6	1.1e-10
2.715e6	1.0e-10
2.725e6	7.0e-11
2.735e6	7.0e-11
2.745e6	1.0e-10
2.755e6	7.0e-11
2.765e6	7.0e-11
2.775e6	6.0e-11
2.785e6	6.0e-11
2.795e6	5.0e-11
2.805e6	5.0e-11
2.815e6	5.0e-11
2.825e6	5.0e-11
2.835e6	5.0e-11
2.845e6	4.0e-11
2.855e6	4.0e-11
2.865e6	3.0e-11
2.875e6	2.0e-11
2.885e6	5.0e-11
2.895e6	6.0e-11
2.905e6	3.0e-11
2.915e6	2.0e-11
2.925e6	1.0e-11
2.935e6	6.0e-11
2.945e6	1.0e-11
2.955e6	3.0e-11
2.965e6	4.0e-11
2.975e6	3.0e-11
2.985e6	4.0e-11
2.995e6	3.0e-11
3.005e6	2.0e-11
3.015e6	2.0e-11
3.025e6	4.0e-11
3.035e6	2.0e-11
3.045e6	1.0e-11
3.055e6	1.0e-11
3.065e6	0.0
3.075e6	0.0
3.085e6	5.0e-11
3.095e6	2.0e-11
3.105e6	1.0e-11
3.115e6	1.0e-11
3.125e6	3.0e-11
3.135e6	0.0
3.145e6	2.0e-11
3.155e6	0.0
3.165e6	0.0
3.175e6	2.0e-11
3.185e6	0.0
3.195e6	0.0
3.205e6	0.0
3.215e6	0.0
3.225e6	0.0
3.235e6	0.0
3.245e6	1.0e-11
3.255e6	0.0
3.265e6	0.0
3.275e6	0.0
3.285e6	0.0
3.295e6	0.0
3.305e6	0.0
3.315e6	0.0
3.325e6	1.0e-11
3.335e6	0.0
3.345e6	0.0
3.355e6	0.0
3.365e6	0.0
3.375e6	1.0e-11
3.385e6	0.0
3.395e6	0.0
3.405e6	0.0
3.415e6	1.0e-11
3.425e6	0.0
3.435e6	1.0e-11
3.445e6	1.0e-11
3.455e6	0.0
3.465e6	0.0
3.475e6	1.0e-11
3.485e6	0.0
3.495e6	0.0
3.505e6	0.0
3.515e6	0.0
3.525e6	0.0
3.535e6	0.0
3.545e6	0.0
3.555e6	0.0
3.565e6	0.0
3.575e6	1.0e-11
3.585e6	0.0
3.595e6	0.0
3.605e6	0.0
3.615e6	0.0
3.625e6	0.0
3.635e6	0.0
3.645e6	0.0
3.655e6	0.0
3.665e6	0.0
3.675e6	0.0
3.685e6	0.0
3.695e6	1.0e-11
3.705e6	0.0
3.715e6	0.0
3.725e6	1.0e-11
3.735e6	1.0e-11
3.745e6	0.0
3.755e6	1.0e-11
