x	y
-1.6575e6	2.0e-10
-1.6525e6	0.0
-1.6475e6	0.0
-1.6425e6	0.0
-1.6375e6	0.0
-1.6325e6	0.0
-1.6275e6	0.0
-1.6225e6	0.0
-1.6175e6	0.0
-1.6125e6	0.0
-1.6075e6	0.0
-1.6025e6	0.0
-1.5975e6	0.0
-1.5925e6	0.0
-1.5875e6	0.0
-1.5825e6	2.0e-10
-1.5775e6	0.0
-1.5725e6	0.0
-1.5675e6	0.0
-1.5625e6	2.0e-10
-1.5575e6	0.0
-1.5525e6	0.0
-1.5475e6	0.0
-1.5425e6	0.0
-1.5375e6	0.0
-1.5325e6	0.0
-1.5275e6	0.0
-1.5225e6	0.0
-1.5175e6	0.0
-1.5125e6	0.0
-1.5075e6	0.0
-1.5025e6	0.0
-1.4975e6	2.0e-10
-1.4925e6	0.0
-1.4875e6	0.0
-1.4825e6	0.0
-1.4775e6	0.0
-1.4725e6	0.0
-1.4675e6	0.0
-1.4625e6	0.0
-1.4575e6	0.0
-1.4525e6	0.0
-1.4475e6	0.0
-1.4425e6	0.0
-1.4375e6	0.0
-1.4325e6	0.0
-1.4275e6	0.0
-1.4225e6	2.0e-10
-1.4175e6	0.0
-1.4125e6	0.0
-1.4075e6	0.0
-1.4025e6	2.0e-10
-1.3975e6	0.0
-1.3925e6	0.0
-1.3875e6	0.0
-1.3825e6	0.0
-1.3775e6	0.0
-1.3725e6	0.0
-1.3675e6	0.0
-1.3625e6	0.0
-1.3575e6	0.0
-1.3525e6	0.0
-1.3475e6	0.0
-1.3425e6	2.0e-10
-1.3375e6	0.0
-1.3325e6	0.0
-1.3275e6	0.0
-1.3225e6	0.0
-1.3175e6	0.0
-1.3125e6	2.0e-10
-1.3075e6	0.0
-1.3025e6	0.0
-1.2975e6	0.0
-1.2925e6	0.0
-1.2875e6	0.0
-1.2825e6	0.0
-1.2775e6	0.0
-1.2725e6	0.0
-1.2675e6	0.0
-1.2625e6	0.0
-1.2575e6	0.0
-1.2525e6	2.0e-10
-1.2475e6	0.0
-1.2425e6	0.0
-1.2375e6	0.0
-1.2325e6	0.0
-1.2275e6	0.0
-1.2225e6	0.0
-1.2175e6	0.0
-1.2125e6	0.0
-1.2075e6	0.0
-1.2025e6	2.0e-10
-1.1975e6	0.0
-1.1925e6	0.0
-1.1875e6	2.0e-10
-1.1825e6	0.0
-1.1775e6	0.0
-1.1725e6	0.0
-1.1675e6	0.0
-1.1625e6	0.0
-1.1575e6	0.0
-1.1525e6	0.0
-1.1475e6	2.0e-10
-1.1425e6	2.0e-10
-1.1375e6	2.0e-10
-1.1325e6	0.0
-1.1275e6	2.0e-10
-1.1225e6	0.0
-1.1175e6	0.0
-1.1125e6	0.0
-1.1075e6	2.0e-10
-1.1025e6	0.0
-1.0975e6	0.0
-1.0925e6	2.0e-10
-1.0875e6	0.0
-1.0825e6	2.0e-10
-1.0775e6	2.0e-10
-1.0725e6	2.0e-10
-1.0675e6	0.0
-1.0625e6	2.0e-10
-1.0575e6	2.0e-10
-1.0525e6	0.0
-1.0475e6	2.0e-10
-1.0425e6	0.0
-1.0375e6	2.0e-10
-1.0325e6	4.0e-10
-1.0275e6	2.0e-10
-1.0225e6	0.0
-1.0175e6	0.0
-1.0125e6	4.0e-10
-1.0075e6	0.0
-1.0025e6	2.0e-10
-997500.0	4.0e-10
-992500.0	6.0e-10
-987500.0	4.0e-10
-982500.0	2.0e-10
-977500.0	4.0e-10
-972500.0	2.0e-10
-967500.0	2.0e-10
-962500.0	2.0e-10
-957500.0	0.0
-952500.0	2.0e-10
-947500.0	2.0e-10
-942500.0	2.0e-10
-937500.0	2.0e-10
-932500.0	4.0e-10
-927500.0	2.0e-10
-922500.0	8.0e-10
-917500.0	4.0e-10
-912500.0	2.0e-10
-907500.0	6.0e-10
-902500.0	2.0e-10
-897500.0	4.0e-10
-892500.0	4.0e-10
-887500.0	6.0e-10
-882500.0	6.0e-10
-877500.0	6.0e-10
-872500.0	2.0e-10
-867500.0	6.0e-10
-862500.0	6.0e-10
-857500.0	6.0e-10
-852500.0	4.0e-10
-847500.0	2.0e-10
-842500.0	2.0e-10
-837500.0	2.0e-10
-832500.0	8.0e-10
-827500.0	8.0e-10
-822500.0	1.8e-9
-817500.0	1.0e-9
-812500.0	6.0e-10
-807500.0	6.0e-10
-802500.0	1.4e-9
-797500.0	8.0e-10
-792500.0	6.0e-10
-787500.0	6.0e-10
-782500.0	1.2e-9
-777500.0	6.0e-10
-772500.0	2.0e-9
-767500.0	8.0e-10
-762500.0	1.2e-9
-757500.0	4.0e-10
-752500.0	6.0e-10
-747500.0	1.4e-9
-742500.0	1.6e-9
-737500.0	1.2e-9
-732500.0	1.2e-9
-727500.0	1.6e-9
-722500.0	2.4e-9
-717500.0	6.0e-10
-712500.0	1.6e-9
-707500.0	2.2e-9
-702500.0	1.2e-9
-697500.0	1.6e-9
-692500.0	1.2e-9
-687500.0	2.4e-9
-682500.0	1.4e-9
-677500.0	1.6e-9
-672500.0	1.8e-9
-667500.0	3.6e-9
-662500.0	1.8e-9
-657500.0	2.2e-9
-652500.0	2.0e-9
-647500.0	1.0e-9
-642500.0	1.6e-9
-637500.0	2.8e-9
-632500.0	1.6e-9
-627500.0	1.6e-9
-622500.0	2.0e-9
-617500.0	2.0e-9
-612500.0	2.8e-9
-607500.0	3.0e-9
-602500.0	4.4e-9
-597500.0	3.4e-9
-592500.0	4.6e-9
-587500.0	2.4e-9
-582500.0	1.0e-9
-577500.0	3.8e-9
-572500.0	3.4e-9
-567500.0	3.6e-9
-562500.0	3.4e-9
-557500.0	3.6e-9
-552500.0	5.0e-9
-547500.0	4.4e-9
-542500.0	5.4e-9
-537500.0	4.0e-9
-532500.0	5.6e-9
-527500.0	5.6e-9
-522500.0	3.8e-9
-517500.0	7.0e-9
-512500.0	6.0e-9
-507500.0	8.6e-9
-502500.0	5.4e-9
-497500.0	8.4e-9
-492500.0	6.4e-9
-487500.0	6.2e-9
-482500.0	8.0e-9
-477500.0	6.2e-9
-472500.0	6.8e-9
-467500.0	7.8e-9
-462500.0	5.8e-9
-457500.0	7.0e-9
-452500.0	9.6e-9
-447500.0	8.0e-9
-442500.0	7.2e-9
-437500.0	1.02e-8
-432500.0	1.1e-8
-427500.0	1.18e-8
-422500.0	1.08e-8
-417500.0	8.2e-9
-412500.0	1.12e-8
-407500.0	1.3e-8
-402500.0	1.1e-8
-397500.0	1.36e-8
-392500.0	1.16e-8
-387500.0	1.34e-8
-382500.0	1.36e-8
-377500.0	1.42e-8
-372500.0	1.02e-8
-367500.0	1.12e-8
-362500.0	1.44e-8
-357500.0	1.64e-8
-352500.0	1.68e-8
-347500.0	1.4e-8
-342500.0	1.8e-8
-337500.0	1.62e-8
-332500.0	1.9e-8
-327500.0	2.0e-8
-322500.0	1.98e-8
-317500.0	2.1e-8
-312500.0	2.2e-8
-307500.0	2.14e-8
-302500.0	2.04e-8
-297500.0	2.56e-8
-292500.0	2.44e-8
-287500.0	2.48e-8
-282500.0	2.54e-8
-277500.0	2.74e-8
-272500.0	2.66e-8
-267500.0	2.76e-8
-262500.0	2.66e-8
-257500.0	3.04e-8
-252500.0	2.9e-8
-247500.0	3.26e-8
-242500.0	3.6e-8
-237500.0	3.52e-8
-232500.0	3.82e-8
-227500.0	3.96e-8
-222500.0	4.16e-8
-217500.0	4.38e-8
-212500.0	4.1e-8
-207500.0	4.58e-8
-202500.0	4.72e-8
-197500.0	5.04e-8
-192500.0	5.04e-8
-187500.0	4.9e-8
-182500.0	5.1e-8
-177500.0	5.32e-8
-172500.0	6.5e-8
-167500.0	6.2e-8
-162500.0	6.44e-8
-157500.0	7.1e-8
-152500.0	6.1e-8
-147500.0	6.8e-8
-142500.0	7.36e-8
-137500.0	7.36e-8
-132500.0	7.68e-8
-127500.0	7.7e-8
-122500.0	8.46e-8
-117500.0	9.32e-8
-112500.0	9.0e-8
-107500.0	9.42e-8
-102500.0	1.02e-7
-97500.0	1.054e-7
-92500.0	9.34e-8
-87500.0	1.016e-7
-82500.0	1.11e-7
-77500.0	1.114e-7
-72500.0	1.15e-7
-67500.0	1.202e-7
-62500.0	1.278e-7
-57500.0	1.292e-7
-52500.0	1.466e-7
-47500.0	1.544e-7
-42500.0	1.412e-7
-37500.0	1.556e-7
-32500.0	1.776e-7
-27500.0	1.616e-7
-22500.0	1.816e-7
-17500.0	1.87e-7
-12500.0	1.918e-7
-7500.0	1.904e-7
-2500.0	2.1e-7
2500.0	2.124e-7
7500.0	2.186e-7
12500.0	2.376e-7
17500.0	2.454e-7
22500.0	2.454e-7
27500.0	2.572e-7
32500.0	2.884e-7
37500.0	2.822e-7
42500.0	2.862e-7
47500.0	2.944e-7
52500.0	3.282e-7
57500.0	3.288e-7
62500.0	3.26e-7
67500.0	3.614e-7
72500.0	3.83e-7
77500.0	3.932e-7
82500.0	4.108e-7
87500.0	4.406e-7
92500.0	4.372e-7
97500.0	4.628e-7
102500.0	4.668e-7
107500.0	5.176e-7
112500.0	5.34e-7
117500.0	5.46e-7
122500.0	5.758e-7
127500.0	5.738e-7
132500.0	6.312e-7
137500.0	6.696e-7
142500.0	6.74e-7
147500.0	7.062e-7
152500.0	7.292e-7
157500.0	7.596e-7
162500.0	7.958e-7
167500.0	8.42e-7
172500.0	8.458e-7
177500.0	8.936e-7
182500.0	9.364e-7
187500.0	9.558e-7
192500.0	9.876e-7
197500.0	1.0372e-6
202500.0	1.0672e-6
207500.0	1.1076e-6
212500.0	1.1708e-6
217500.0	1.2028e-6
222500.0	1.2462e-6
227500.0	1.2988e-6
232500.0	1.3262e-6
237500.0	1.3946e-6
242500.0	1.4434e-6
247500.0	1.4694e-6
252500.0	1.5602e-6
257500.0	1.6022e-6
262500.0	1.617e-6
267500.0	1.6346e-6
272500.0	1.7242e-6
277500.0	1.7466e-6
282500.0	1.8216e-6
287500.0	1.8196e-6
292500.0	1.8716e-6
297500.0	1.9172e-6
302500.0	1.9444e-6
307500.0	1.9484e-6
312500.0	2.0156e-6
317500.0	2.0336e-6
322500.0	2.0656e-6
327500.0	2.1004e-6
332500.0	2.065e-6
337500.0	2.113e-6
342500.0	2.138e-6
347500.0	2.1592e-6
352500.0	2.1526e-6
357500.0	2.173e-6
362500.0	2.1506e-6
367500.0	2.1332e-6
372500.0	2.1892e-6
377500.0	2.176e-6
382500.0	2.1526e-6
387500.0	2.0954e-6
392500.0	2.1454e-6
397500.0	2.1306e-6
402500.0	2.1036e-6
407500.0	2.0796e-6
412500.0	2.0516e-6
417500.0	2.0308e-6
422500.0	2.0434e-6
427500.0	2.0284e-6
432500.0	1.9644e-6
437500.0	1.9478e-6
442500.0	1.91e-6
447500.0	1.8996e-6
452500.0	1.8484e-6
457500.0	1.8046e-6
462500.0	1.7728e-6
467500.0	1.7346e-6
472500.0	1.7676e-6
477500.0	1.7164e-6
482500.0	1.6792e-6
487500.0	1.6426e-6
492500.0	1.578e-6
497500.0	1.5526e-6
502500.0	1.5232e-6
507500.0	1.4842e-6
512500.0	1.4476e-6
517500.0	1.451e-6
522500.0	1.409e-6
527500.0	1.3728e-6
532500.0	1.2972e-6
537500.0	1.3104e-6
542500.0	1.2866e-6
547500.0	1.2476e-6
552500.0	1.223e-6
557500.0	1.1934e-6
562500.0	1.1488e-6
567500.0	1.1408e-6
572500.0	1.1218e-6
577500.0	1.0748e-6
582500.0	1.0542e-6
587500.0	1.0414e-6
592500.0	1.0068e-6
597500.0	9.868e-7
602500.0	9.638e-7
607500.0	9.52e-7
612500.0	8.776e-7
617500.0	8.868e-7
622500.0	8.644e-7
627500.0	8.64e-7
632500.0	8.102e-7
637500.0	8.254e-7
642500.0	7.768e-7
647500.0	7.614e-7
652500.0	7.43e-7
657500.0	7.4e-7
662500.0	6.83e-7
667500.0	6.938e-7
672500.0	6.638e-7
677500.0	6.528e-7
682500.0	6.544e-7
687500.0	6.228e-7
692500.0	5.908e-7
697500.0	5.99e-7
702500.0	5.668e-7
707500.0	5.636e-7
712500.0	5.316e-7
717500.0	5.342e-7
722500.0	5.264e-7
727500.0	5.168e-7
732500.0	4.984e-7
737500.0	4.904e-7
742500.0	4.738e-7
747500.0	4.762e-7
752500.0	4.474e-7
757500.0	4.262e-7
762500.0	4.17e-7
767500.0	4.132e-7
772500.0	4.216e-7
777500.0	3.91e-7
782500.0	4.002e-7
787500.0	3.83e-7
792500.0	3.582e-7
797500.0	3.688e-7
802500.0	3.62e-7
807500.0	3.468e-7
812500.0	3.34e-7
817500.0	3.262e-7
822500.0	3.262e-7
827500.0	3.126e-7
832500.0	3.012e-7
837500.0	3.032e-7
842500.0	2.852e-7
847500.0	2.884e-7
852500.0	2.914e-7
857500.0	2.796e-7
862500.0	2.52e-7
867500.0	2.562e-7
872500.0	2.45e-7
877500.0	2.464e-7
882500.0	2.278e-7
887500.0	2.23e-7
892500.0	2.114e-7
897500.0	2.146e-7
902500.0	2.064e-7
907500.0	2.044e-7
912500.0	2.056e-7
917500.0	1.948e-7
922500.0	1.95e-7
927500.0	1.848e-7
932500.0	1.772e-7
937500.0	1.728e-7
942500.0	1.664e-7
947500.0	1.746e-7
952500.0	1.672e-7
957500.0	1.644e-7
962500.0	1.538e-7
967500.0	1.486e-7
972500.0	1.566e-7
977500.0	1.458e-7
982500.0	1.46e-7
987500.0	1.41e-7
992500.0	1.4e-7
997500.0	1.248e-7
1.0025e6	1.388e-7
1.0075e6	1.34e-7
1.0125e6	1.294e-7
1.0175e6	1.314e-7
1.0225e6	1.196e-7
1.0275e6	1.18e-7
1.0325e6	1.144e-7
1.0375e6	1.202e-7
1.0425e6	1.048e-7
1.0475e6	1.024e-7
1.0525e6	1.018e-7
1.0575e6	1.08e-7
1.0625e6	1.054e-7
1.0675e6	9.2e-8
1.0725e6	1.018e-7
1.0775e6	9.42e-8
1.0825e6	9.06e-8
1.0875e6	9.22e-8
1.0925e6	9.08e-8
1.0975e6	9.08e-8
1.1025e6	9.1e-8
1.1075e6	7.78e-8
1.1125e6	7.96e-8
1.1175e6	7.88e-8
1.1225e6	7.74e-8
1.1275e6	7.5e-8
1.1325e6	7.7e-8
1.1375e6	6.9e-8
1.1425e6	6.6e-8
1.1475e6	6.58e-8
1.1525e6	6.42e-8
1.1575e6	6.26e-8
1.1625e6	6.36e-8
1.1675e6	6.12e-8
1.1725e6	5.94e-8
1.1775e6	6.34e-8
1.1825e6	5.16e-8
1.1875e6	5.58e-8
1.1925e6	4.86e-8
1.1975e6	5.42e-8
1.2025e6	4.7e-8
1.2075e6	5.2e-8
1.2125e6	5.06e-8
1.2175e6	5.1e-8
1.2225e6	4.84e-8
1.2275e6	4.42e-8
1.2325e6	5.36e-8
1.2375e6	3.92e-8
1.2425e6	4.26e-8
1.2475e6	4.22e-8
1.2525e6	3.96e-8
1.2575e6	4.08e-8
1.2625e6	3.48e-8
1.2675e6	3.82e-8
1.2725e6	3.82e-8
1.2775e6	3.54e-8
1.2825e6	3.5e-8
1.2875e6	3.28e-8
1.2925e6	3.62e-8
1.2975e6	3.22e-8
1.3025e6	3.1e-8
1.3075e6	3.14e-8
1.3125e6	2.76e-8
1.3175e6	2.74e-8
1.3225e6	3.18e-8
1.3275e6	2.88e-8
1.3325e6	2.6e-8
1.3375e6	2.64e-8
1.3425e6	2.64e-8
1.3475e6	2.72e-8
1.3525e6	2.54e-8
1.3575e6	2.4e-8
1.3625e6	2.06e-8
1.3675e6	2.34e-8
1.3725e6	2.44e-8
1.3775e6	2.34e-8
1.3825e6	1.96e-8
1.3875e6	1.92e-8
1.3925e6	1.94e-8
1.3975e6	2.1e-8
1.4025e6	2.1e-8
1.4075e6	2.1e-8
1.4125e6	1.56e-8
1.4175e6	1.98e-8
1.4225e6	1.66e-8
1.4275e6	1.58e-8
1.4325e6	1.82e-8
1.4375e6	1.62e-8
1.4425e6	1.58e-8
1.4475e6	1.42e-8
1.4525e6	1.32e-8
1.4575e6	1.7e-8
1.4625e6	1.18e-8
1.4675e6	1.48e-8
1.4725e6	1.46e-8
1.4775e6	1.34e-8
1.4825e6	1.5e-8
1.4875e6	1.42e-8
1.4925e6	1.18e-8
1.4975e6	1.3e-8
1.5025e6	1.34e-8
1.5075e6	1.16e-8
1.5125e6	1.34e-8
1.5175e6	9.0e-9
1.5225e6	1.16e-8
1.5275e6	1.12e-8
1.5325e6	7.8e-9
1.5375e6	1.26e-8
1.5425e6	6.8e-9
1.5475e6	9.2e-9
1.5525e6	1.08e-8
1.5575e6	1.0e-8
1.5625e6	7.8e-9
1.5675e6	1.06e-8
1.5725e6	8.8e-9
1.5775e6	1.04e-8
1.5825e6	8.6e-9
1.5875e6	6.2e-9
1.5925e6	7.8e-9
1.5975e6	6.4e-9
1.6025e6	8.0e-9
1.6075e6	8.4e-9
1.6125e6	6.4e-9
1.6175e6	8.2e-9
1.6225e6	5.2e-9
1.6275e6	8.6e-9
1.6325e6	5.0e-9
1.6375e6	6.0e-9
1.6425e6	6.8e-9
1.6475e6	5.8e-9
1.6525e6	5.6e-9
1.6575e6	5.8e-9
1.6625e6	5.4e-9
1.6675e6	5.6e-9
1.6725e6	5.8e-9
1.6775e6	6.2e-9
1.6825e6	3.4e-9
1.6875e6	3.6e-9
1.6925e6	3.8e-9
1.6975e6	4.6e-9
1.7025e6	3.8e-9
1.7075e6	3.2e-9
1.7125e6	3.4e-9
1.7175e6	4.4e-9
1.7225e6	3.8e-9
1.7275e6	3.2e-9
1.7325e6	4.4e-9
1.7375e6	3.0e-9
1.7425e6	3.8e-9
1.7475e6	4.8e-9
1.7525e6	3.2e-9
1.7575e6	3.4e-9
1.7625e6	3.4e-9
1.7675e6	2.8e-9
1.7725e6	4.4e-9
1.7775e6	2.0e-9
1.7825e6	3.6e-9
1.7875e6	3.0e-9
1.7925e6	3.8e-9
1.7975e6	3.6e-9
1.8025e6	2.2e-9
1.8075e6	2.2e-9
1.8125e6	3.2e-9
1.8175e6	2.8e-9
1.8225e6	2.4e-9
1.8275e6	2.6e-9
1.8325e6	2.0e-9
1.8375e6	3.6e-9
1.8425e6	2.0e-9
1.8475e6	1.8e-9
1.8525e6	2.4e-9
1.8575e6	2.8e-9
1.8625e6	2.2e-9
1.8675e6	3.4e-9
1.8725e6	3.2e-9
1.8775e6	2.6e-9
1.8825e6	1.6e-9
1.8875e6	1.4e-9
1.8925e6	1.6e-9
1.8975e6	1.8e-9
1.9025e6	1.0e-9
1.9075e6	2.0e-9
1.9125e6	1.8e-9
1.9175e6	3.0e-9
1.9225e6	1.6e-9
1.9275e6	1.2e-9
1.9325e6	6.0e-10
1.9375e6	1.2e-9
1.9425e6	8.0e-10
1.9475e6	1.0e-9
1.9525e6	1.2e-9
1.9575e6	6.0e-10
1.9625e6	4.0e-10
1.9675e6	1.2e-9
1.9725e6	6.0e-10
1.9775e6	1.0e-9
1.9825e6	8.0e-10
1.9875e6	1.2e-9
1.9925e6	8.0e-10
1.9975e6	6.0e-10
2.0025e6	2.0e-10
2.0075e6	1.2e-9
2.0125e6	2.0e-10
2.0175e6	1.4e-9
2.0225e6	1.6e-9
2.0275e6	6.0e-10
2.0325e6	6.0e-10
2.0375e6	6.0e-10
2.0425e6	6.0e-10
2.0475e6	8.0e-10
2.0525e6	1.6e-9
2.0575e6	8.0e-10
2.0625e6	0.0
2.0675e6	6.0e-10
2.0725e6	4.0e-10
2.0775e6	2.0e-10
2.0825e6	8.0e-10
2.0875e6	8.0e-10
2.0925e6	6.0e-10
2.0975e6	6.0e-10
2.1025e6	8.0e-10
2.1075e6	6.0e-10
2.1125e6	6.0e-10
2.1175e6	1.0e-9
2.1225e6	6.0e-10
2.1275e6	1.0e-9
2.1325e6	1.0e-9
2.1375e6	1.2e-9
2.1425e6	1.0e-9
2.1475e6	2.0e-10
2.1525e6	4.0e-10
2.1575e6	0.0
2.1625e6	1.0e-9
2.1675e6	0.0
2.1725e6	1.2e-9
2.1775e6	6.0e-10
2.1825e6	8.0e-10
2.1875e6	2.0e-10
2.1925e6	0.0
2.1975e6	6.0e-10
2.2025e6	2.0e-10
2.2075e6	2.0e-10
2.2125e6	2.0e-10
2.2175e6	4.0e-10
2.2225e6	2.0e-10
2.2275e6	8.0e-10
2.2325e6	1.0e-9
2.2375e6	2.0e-10
2.2425e6	2.0e-10
2.2475e6	0.0
2.2525e6	2.0e-10
2.2575e6	4.0e-10
2.2625e6	8.0e-10
2.2675e6	2.0e-10
2.2725e6	2.0e-10
2.2775e6	2.0e-10
2.2825e6	2.0e-10
2.2875e6	6.0e-10
2.2925e6	2.0e-10
2.2975e6	2.0e-10
2.3025e6	0.0
2.3075e6	4.0e-10
2.3125e6	2.0e-10
2.3175e6	4.0e-10
2.3225e6	6.0e-10
2.3275e6	0.0
2.3325e6	4.0e-10
2.3375e6	0.0
2.3425e6	0.0
2.3475e6	0.0
2.3525e6	4.0e-10
2.3575e6	4.0e-10
2.3625e6	2.0e-10
2.3675e6	4.0e-10
2.3725e6	0.0
2.3775e6	0.0
2.3825e6	2.0e-10
2.3875e6	2.0e-10
2.3925e6	4.0e-10
2.3975e6	2.0e-10
2.4025e6	2.0e-10
2.4075e6	0.0
2.4125e6	0.0
2.4175e6	4.0e-10
2.4225e6	4.0e-10
2.4275e6	2.0e-10
2.4325e6	4.0e-10
2.4375e6	2.0e-10
2.4425e6	4.0e-10
2.4475e6	2.0e-10
2.4525e6	2.0e-10
2.4575e6	2.0e-10
2.4625e6	0.0
2.4675e6	0.0
2.4725e6	2.0e-10
2.4775e6	0.0
2.4825e6	0.0
2.4875e6	0.0
2.4925e6	0.0
2.4975e6	2.0e-10
2.5025e6	4.0e-10
2.5075e6	0.0
2.5125e6	2.0e-10
2.5175e6	4.0e-10
2.5225e6	0.0
2.5275e6	0.0
2.5325e6	0.0
2.5375e6	0.0
2.5425e6	0.0
2.5475e6	0.0
2.5525e6	0.0
2.5575e6	0.0
2.5625e6	0.0
2.5675e6	0.0
2.5725e6	0.0
2.5775e6	0.0
2.5825e6	0.0
2.5875e6	0.0
2.5925e6	4.0e-10
2.5975e6	2.0e-10
2.6025e6	0.0
2.6075e6	0.0
2.6125e6	2.0e-10
2.6175e6	0.0
2.6225e6	2.0e-10
2.6275e6	0.0
2.6325e6	0.0
2.6375e6	0.0
2.6425e6	0.0
2.6475e6	0.0
2.6525e6	0.0
2.6575e6	0.0
2.6625e6	0.0
2.6675e6	2.0e-10
2.6725e6	0.0
2.6775e6	0.0
2.6825e6	2.0e-10
2.6875e6	0.0
2.6925e6	0.0
2.6975e6	0.0
2.7025e6	0.0
2.7075e6	0.0
2.7125e6	0.0
2.7175e6	0.0
2.7225e6	0.0
2.7275e6	0.0
2.7325e6	0.0
2.7375e6	0.0
2.7425e6	0.0
2.7475e6	0.0
2.7525e6	0.0
2.7575e6	0.0
2.7625e6	0.0
2.7675e6	0.0
2.7725e6	0.0
2.7775e6	0.0
2.7825e6	0.0
2.7875e6	2.0e-10
2.7925e6	0.0
2.7975e6	0.0
2.8025e6	0.0
2.8075e6	2.0e-10
2.8125e6	0.0
2.8175e6	0.0
2.8225e6	0.0
2.8275e6	0.0
2.8325e6	0.0
2.8375e6	0.0
2.8425e6	0.0
2.8475e6	0.0
2.8525e6	0.0
2.8575e6	0.0
2.8625e6	2.0e-10
2.8675e6	0.0
2.8725e6	0.0
2.8775e6	0.0
2.8825e6	0.0
2.8875e6	0.0
2.8925e6	0.0
2.8975e6	0.0
2.9025e6	0.0
2.9075e6	0.0
2.9125e6	0.0
2.9175e6	0.0
2.9225e6	0.0
2.9275e6	2.0e-10
2.9325e6	0.0
2.9375e6	0.0
2.9425e6	0.0
2.9475e6	0.0
2.9525e6	0.0
2.9575e6	0.0
2.9625e6	0.0
2.9675e6	0.0
2.9725e6	0.0
2.9775e6	0.0
2.9825e6	0.0
2.9875e6	0.0
2.9925e6	0.0
2.9975e6	0.0
3.0025e6	0.0
3.0075e6	0.0
3.0125e6	0.0
3.0175e6	0.0
3.0225e6	0.0
3.0275e6	0.0
3.0325e6	0.0
3.0375e6	0.0
3.0425e6	0.0
3.0475e6	0.0
3.0525e6	0.0
3.0575e6	0.0
3.0625e6	0.0
3.0675e6	0.0
3.0725e6	0.0
3.0775e6	0.0
3.0825e6	0.0
3.0875e6	0.0
3.0925e6	0.0
3.0975e6	0.0
3.1025e6	0.0
3.1075e6	0.0
3.1125e6	0.0
3.1175e6	0.0
3.1225e6	0.0
3.1275e6	0.0
3.1325e6	0.0
3.1375e6	0.0
3.1425e6	0.0
3.1475e6	0.0
3.1525e6	2.0e-10
3.1575e6	0.0
3.1625e6	0.0
3.1675e6	0.0
3.1725e6	0.0
3.1775e6	0.0
3.1825e6	0.0
3.1875e6	0.0
3.1925e6	0.0
3.1975e6	0.0
3.2025e6	0.0
3.2075e6	0.0
3.2125e6	0.0
3.2175e6	0.0
3.2225e6	0.0
3.2275e6	0.0
3.2325e6	0.0
3.2375e6	0.0
3.2425e6	0.0
3.2475e6	0.0
3.2525e6	0.0
3.2575e6	0.0
3.2625e6	0.0
3.2675e6	0.0
3.2725e6	0.0
3.2775e6	0.0
3.2825e6	0.0
3.2875e6	0.0
3.2925e6	0.0
3.2975e6	0.0
3.3025e6	0.0
3.3075e6	0.0
3.3125e6	0.0
3.3175e6	0.0
3.3225e6	0.0
3.3275e6	0.0
3.3325e6	0.0
3.3375e6	0.0
3.3425e6	0.0
3.3475e6	0.0
3.3525e6	0.0
3.3575e6	0.0
3.3625e6	0.0
3.3675e6	0.0
3.3725e6	0.0
3.3775e6	0.0
3.3825e6	0.0
3.3875e6	0.0
3.3925e6	0.0
3.3975e6	0.0
3.4025e6	0.0
3.4075e6	0.0
3.4125e6	0.0
3.4175e6	0.0
3.4225e6	0.0
3.4275e6	0.0
3.4325e6	0.0
3.4375e6	0.0
3.4425e6	0.0
3.4475e6	0.0
3.4525e6	0.0
3.4575e6	0.0
3.4625e6	0.0
3.4675e6	0.0
3.4725e6	0.0
3.4775e6	0.0
3.4825e6	0.0
3.4875e6	0.0
3.4925e6	2.0e-10
