x	y
-5.27e6	1.0e-10
-5.25e6	0.0
-5.23e6	0.0
-5.21e6	0.0
-5.19e6	0.0
-5.17e6	0.0
-5.15e6	0.0
-5.13e6	5.0e-11
-5.11e6	0.0
-5.09e6	0.0
-5.07e6	0.0
-5.05e6	0.0
-5.03e6	0.0
-5.01e6	5.0e-11
-4.99e6	0.0
-4.97e6	5.0e-11
-4.95e6	0.0
-4.93e6	0.0
-4.91e6	0.0
-4.89e6	0.0
-4.87e6	0.0
-4.85e6	0.0
-4.83e6	0.0
-4.81e6	0.0
-4.79e6	0.0
-4.77e6	0.0
-4.75e6	0.0
-4.73e6	0.0
-4.71e6	0.0
-4.69e6	0.0
-4.67e6	0.0
-4.65e6	0.0
-4.63e6	5.0e-11
-4.61e6	5.0e-11
-4.59e6	0.0
-4.57e6	5.0e-11
-4.55e6	0.0
-4.53e6	1.0e-10
-4.51e6	5.0e-11
-4.49e6	5.0e-11
-4.47e6	5.0e-11
-4.45e6	0.0
-4.43e6	5.0e-11
-4.41e6	1.5e-10
-4.39e6	5.0e-11
-4.37e6	5.0e-11
-4.35e6	0.0
-4.33e6	1.0e-10
-4.31e6	5.0e-11
-4.29e6	1.0e-10
-4.27e6	5.0e-11
-4.25e6	1.5e-10
-4.23e6	1.5e-10
-4.21e6	3.0e-10
-4.19e6	2.5e-10
-4.17e6	1.0e-10
-4.15e6	1.5e-10
-4.13e6	1.5e-10
-4.11e6	1.5e-10
-4.09e6	2.0e-10
-4.07e6	5.0e-11
-4.05e6	3.5e-10
-4.03e6	5.0e-11
-4.01e6	1.5e-10
-3.99e6	4.5e-10
-3.97e6	4.5e-10
-3.95e6	1.5e-10
-3.93e6	3.5e-10
-3.91e6	2.5e-10
-3.89e6	3.5e-10
-3.87e6	4.0e-10
-3.85e6	4.0e-10
-3.83e6	6.5e-10
-3.81e6	5.5e-10
-3.79e6	3.0e-10
-3.77e6	7.0e-10
-3.75e6	4.5e-10
-3.73e6	6.5e-10
-3.71e6	5.0e-10
-3.69e6	5.5e-10
-3.67e6	5.0e-10
-3.65e6	8.0e-10
-3.63e6	1.1e-9
-3.61e6	9.5e-10
-3.59e6	6.5e-10
-3.57e6	5.5e-10
-3.55e6	9.0e-10
-3.53e6	1.45e-9
-3.51e6	9.5e-10
-3.49e6	1.1e-9
-3.47e6	1.15e-9
-3.45e6	1.3e-9
-3.43e6	7.5e-10
-3.41e6	1.35e-9
-3.39e6	1.8e-9
-3.37e6	1.5e-9
-3.35e6	1.45e-9
-3.33e6	1.75e-9
-3.31e6	1.6e-9
-3.29e6	2.05e-9
-3.27e6	2.3e-9
-3.25e6	2.2e-9
-3.23e6	2.15e-9
-3.21e6	2.3e-9
-3.19e6	1.85e-9
-3.17e6	1.95e-9
-3.15e6	2.45e-9
-3.13e6	2.45e-9
-3.11e6	3.35e-9
-3.09e6	3.0e-9
-3.07e6	3.1e-9
-3.05e6	2.6e-9
-3.03e6	3.45e-9
-3.01e6	3.95e-9
-2.99e6	3.5e-9
-2.97e6	4.3e-9
-2.95e6	4.1e-9
-2.93e6	4.3e-9
-2.91e6	4.65e-9
-2.89e6	4.45e-9
-2.87e6	5.65e-9
-2.85e6	6.6e-9
-2.83e6	5.25e-9
-2.81e6	6.55e-9
-2.79e6	5.65e-9
-2.77e6	6.35e-9
-2.75e6	6.8e-9
-2.73e6	7.1e-9
-2.71e6	6.75e-9
-2.69e6	7.4e-9
-2.67e6	7.65e-9
-2.65e6	9.0e-9
-2.63e6	8.4e-9
-2.61e6	8.65e-9
-2.59e6	8.2e-9
-2.57e6	8.9e-9
-2.55e6	1.145e-8
-2.53e6	1.1e-8
-2.51e6	1.17e-8
-2.49e6	1.16e-8
-2.47e6	1.245e-8
-2.45e6	1.31e-8
-2.43e6	1.435e-8
-2.41e6	1.375e-8
-2.39e6	1.44e-8
-2.37e6	1.535e-8
-2.35e6	1.575e-8
-2.33e6	1.575e-8
-2.31e6	1.595e-8
-2.29e6	1.705e-8
-2.27e6	1.645e-8
-2.25e6	1.995e-8
-2.23e6	1.995e-8
-2.21e6	1.92e-8
-2.19e6	2.1e-8
-2.17e6	2.255e-8
-2.15e6	2.125e-8
-2.13e6	2.325e-8
-2.11e6	2.5e-8
-2.09e6	2.485e-8
-2.07e6	2.485e-8
-2.05e6	2.63e-8
-2.03e6	2.525e-8
-2.01e6	2.815e-8
-1.99e6	3.17e-8
-1.97e6	3.05e-8
-1.95e6	3.275e-8
-1.93e6	3.18e-8
-1.91e6	3.48e-8
-1.89e6	3.625e-8
-1.87e6	3.645e-8
-1.85e6	3.865e-8
-1.83e6	4.11e-8
-1.81e6	4.03e-8
-1.79e6	3.935e-8
-1.77e6	4.13e-8
-1.75e6	4.405e-8
-1.73e6	4.555e-8
-1.71e6	4.665e-8
-1.69e6	4.735e-8
-1.67e6	4.84e-8
-1.65e6	5.185e-8
-1.63e6	5.27e-8
-1.61e6	5.385e-8
-1.59e6	5.895e-8
-1.57e6	5.95e-8
-1.55e6	5.915e-8
-1.53e6	5.815e-8
-1.51e6	6.505e-8
-1.49e6	6.475e-8
-1.47e6	6.75e-8
-1.45e6	7.06e-8
-1.43e6	7.105e-8
-1.41e6	7.18e-8
-1.39e6	7.35e-8
-1.37e6	8.0e-8
-1.35e6	8.085e-8
-1.33e6	8.08e-8
-1.31e6	8.32e-8
-1.29e6	8.425e-8
-1.27e6	8.905e-8
-1.25e6	9.23e-8
-1.23e6	9.125e-8
-1.21e6	9.495e-8
-1.19e6	9.57e-8
-1.17e6	9.645e-8
-1.15e6	1.048e-7
-1.13e6	1.0205e-7
-1.11e6	1.0435e-7
-1.09e6	1.079e-7
-1.07e6	1.111e-7
-1.05e6	1.155e-7
-1.03e6	1.1715e-7
-1.01e6	1.1845e-7
-990000.0	1.249e-7
-970000.0	1.178e-7
-950000.0	1.234e-7
-930000.0	1.2765e-7
-910000.0	1.319e-7
-890000.0	1.387e-7
-870000.0	1.3895e-7
-850000.0	1.406e-7
-830000.0	1.43e-7
-810000.0	1.465e-7
-790000.0	1.4655e-7
-770000.0	1.5265e-7
-750000.0	1.5785e-7
-730000.0	1.5375e-7
-710000.0	1.6345e-7
-690000.0	1.607e-7
-670000.0	1.663e-7
-650000.0	1.679e-7
-630000.0	1.7145e-7
-610000.0	1.8245e-7
-590000.0	1.854e-7
-570000.0	1.7635e-7
-550000.0	1.8585e-7
-530000.0	1.861e-7
-510000.0	1.8765e-7
-490000.0	1.951e-7
-470000.0	1.9885e-7
-450000.0	1.964e-7
-430000.0	2.065e-7
-410000.0	2.067e-7
-390000.0	2.1125e-7
-370000.0	2.135e-7
-350000.0	2.1145e-7
-330000.0	2.2345e-7
-310000.0	2.1945e-7
-290000.0	2.268e-7
-270000.0	2.287e-7
-250000.0	2.2725e-7
-230000.0	2.315e-7
-210000.0	2.364e-7
-190000.0	2.3655e-7
-170000.0	2.36e-7
-150000.0	2.436e-7
-130000.0	2.435e-7
-110000.0	2.532e-7
-90000.0	2.4755e-7
-70000.0	2.532e-7
-50000.0	2.544e-7
-30000.0	2.6405e-7
-10000.0	2.6345e-7
10000.0	2.617e-7
30000.0	2.683e-7
50000.0	2.6395e-7
70000.0	2.674e-7
90000.0	2.7245e-7
110000.0	2.7965e-7
130000.0	2.7205e-7
150000.0	2.7685e-7
170000.0	2.7905e-7
190000.0	2.815e-7
210000.0	2.9055e-7
230000.0	2.862e-7
250000.0	2.897e-7
270000.0	2.879e-7
290000.0	2.8895e-7
310000.0	2.839e-7
330000.0	2.888e-7
350000.0	3.026e-7
370000.0	3.007e-7
390000.0	2.9815e-7
410000.0	3.021e-7
430000.0	3.0145e-7
450000.0	2.956e-7
470000.0	3.0315e-7
490000.0	3.043e-7
510000.0	3.0485e-7
530000.0	3.0275e-7
550000.0	3.079e-7
570000.0	3.078e-7
590000.0	3.061e-7
610000.0	3.089e-7
630000.0	3.05e-7
650000.0	3.175e-7
670000.0	3.1275e-7
690000.0	3.0805e-7
710000.0	3.101e-7
730000.0	3.146e-7
750000.0	3.107e-7
770000.0	3.0755e-7
790000.0	3.146e-7
810000.0	3.1095e-7
830000.0	3.0955e-7
850000.0	3.141e-7
870000.0	3.0325e-7
890000.0	3.084e-7
910000.0	3.0815e-7
930000.0	3.1025e-7
950000.0	3.122e-7
970000.0	3.046e-7
990000.0	3.047e-7
1.01e6	3.0275e-7
1.03e6	3.0595e-7
1.05e6	3.0165e-7
1.07e6	3.022e-7
1.09e6	2.9915e-7
1.11e6	2.964e-7
1.13e6	2.962e-7
1.15e6	2.9785e-7
1.17e6	2.9045e-7
1.19e6	2.904e-7
1.21e6	2.938e-7
1.23e6	2.911e-7
1.25e6	2.9145e-7
1.27e6	2.9205e-7
1.29e6	2.849e-7
1.31e6	2.807e-7
1.33e6	2.7825e-7
1.35e6	2.739e-7
1.37e6	2.791e-7
1.39e6	2.7805e-7
1.41e6	2.758e-7
1.43e6	2.636e-7
1.45e6	2.7225e-7
1.47e6	2.688e-7
1.49e6	2.667e-7
1.51e6	2.5835e-7
1.53e6	2.5625e-7
1.55e6	2.5715e-7
1.57e6	2.535e-7
1.59e6	2.5435e-7
1.61e6	2.5015e-7
1.63e6	2.439e-7
1.65e6	2.518e-7
1.67e6	2.421e-7
1.69e6	2.461e-7
1.71e6	2.3605e-7
1.73e6	2.351e-7
1.75e6	2.342e-7
1.77e6	2.27e-7
1.79e6	2.303e-7
1.81e6	2.219e-7
1.83e6	2.196e-7
1.85e6	2.1555e-7
1.87e6	2.1025e-7
1.89e6	2.1505e-7
1.91e6	2.0845e-7
1.93e6	2.02e-7
1.95e6	2.024e-7
1.97e6	1.965e-7
1.99e6	2.016e-7
2.01e6	1.93e-7
2.03e6	1.928e-7
2.05e6	1.8605e-7
2.07e6	1.846e-7
2.09e6	1.815e-7
2.11e6	1.793e-7
2.13e6	1.793e-7
2.15e6	1.746e-7
2.17e6	1.7065e-7
2.19e6	1.652e-7
2.21e6	1.6775e-7
2.23e6	1.5955e-7
2.25e6	1.6115e-7
2.27e6	1.53e-7
2.29e6	1.563e-7
2.31e6	1.5505e-7
2.33e6	1.4975e-7
2.35e6	1.443e-7
2.37e6	1.409e-7
2.39e6	1.406e-7
2.41e6	1.357e-7
2.43e6	1.343e-7
2.45e6	1.34e-7
2.47e6	1.2725e-7
2.49e6	1.276e-7
2.51e6	1.263e-7
2.53e6	1.2485e-7
2.55e6	1.172e-7
2.57e6	1.1425e-7
2.59e6	1.1325e-7
2.61e6	1.111e-7
2.63e6	1.062e-7
2.65e6	1.08e-7
2.67e6	1.065e-7
2.69e6	1.0305e-7
2.71e6	9.73e-8
2.73e6	9.82e-8
2.75e6	9.0e-8
2.77e6	8.775e-8
2.79e6	9.155e-8
2.81e6	8.54e-8
2.83e6	8.505e-8
2.85e6	8.315e-8
2.87e6	7.975e-8
2.89e6	7.67e-8
2.91e6	7.815e-8
2.93e6	7.315e-8
2.95e6	7.065e-8
2.97e6	7.44e-8
2.99e6	6.86e-8
3.01e6	7.09e-8
3.03e6	6.75e-8
3.05e6	6.425e-8
3.07e6	6.285e-8
3.09e6	6.41e-8
3.11e6	6.045e-8
3.13e6	5.87e-8
3.15e6	5.275e-8
3.17e6	5.57e-8
3.19e6	5.305e-8
3.21e6	5.09e-8
3.23e6	4.755e-8
3.25e6	4.63e-8
3.27e6	4.84e-8
3.29e6	4.56e-8
3.31e6	4.33e-8
3.33e6	4.065e-8
3.35e6	4.04e-8
3.37e6	4.135e-8
3.39e6	4.09e-8
3.41e6	3.565e-8
3.43e6	3.72e-8
3.45e6	3.405e-8
3.47e6	3.405e-8
3.49e6	3.41e-8
3.51e6	3.31e-8
3.53e6	3.02e-8
3.55e6	2.775e-8
3.57e6	2.735e-8
3.59e6	2.745e-8
3.61e6	2.735e-8
3.63e6	2.635e-8
3.65e6	2.56e-8
3.67e6	2.45e-8
3.69e6	2.355e-8
3.71e6	2.13e-8
3.73e6	2.34e-8
3.75e6	2.08e-8
3.77e6	2.23e-8
3.79e6	1.885e-8
3.81e6	1.985e-8
3.83e6	1.8e-8
3.85e6	1.735e-8
3.87e6	1.77e-8
3.89e6	1.675e-8
3.91e6	1.71e-8
3.93e6	1.535e-8
3.95e6	1.64e-8
3.97e6	1.585e-8
3.99e6	1.44e-8
4.01e6	1.39e-8
4.03e6	1.215e-8
4.05e6	1.195e-8
4.07e6	1.25e-8
4.09e6	1.085e-8
4.11e6	1.105e-8
4.13e6	1.145e-8
4.15e6	1.035e-8
4.17e6	1.025e-8
4.19e6	9.95e-9
4.21e6	8.45e-9
4.23e6	8.55e-9
4.25e6	8.7e-9
4.27e6	8.2e-9
4.29e6	7.8e-9
4.31e6	6.85e-9
4.33e6	5.85e-9
4.35e6	7.15e-9
4.37e6	6.7e-9
4.39e6	6.85e-9
4.41e6	5.1e-9
4.43e6	5.3e-9
4.45e6	4.75e-9
4.47e6	5.05e-9
4.49e6	4.9e-9
4.51e6	4.25e-9
4.53e6	4.15e-9
4.55e6	4.85e-9
4.57e6	3.35e-9
4.59e6	4.6e-9
4.61e6	3.2e-9
4.63e6	3.35e-9
4.65e6	3.35e-9
4.67e6	2.95e-9
4.69e6	3.15e-9
4.71e6	3.65e-9
4.73e6	3.45e-9
4.75e6	3.0e-9
4.77e6	2.7e-9
4.79e6	2.4e-9
4.81e6	2.15e-9
4.83e6	2.75e-9
4.85e6	2.55e-9
4.87e6	2.2e-9
4.89e6	1.55e-9
4.91e6	2.45e-9
4.93e6	2.2e-9
4.95e6	1.75e-9
4.97e6	1.6e-9
4.99e6	1.6e-9
5.01e6	1.4e-9
5.03e6	1.35e-9
5.05e6	1.25e-9
5.07e6	1.4e-9
5.09e6	8.5e-10
5.11e6	6.0e-10
5.13e6	5.5e-10
5.15e6	1.4e-9
5.17e6	1.15e-9
5.19e6	1.0e-9
5.21e6	7.5e-10
5.23e6	5.5e-10
5.25e6	6.5e-10
5.27e6	1.15e-9
5.29e6	4.0e-10
5.31e6	8.0e-10
5.33e6	8.0e-10
5.35e6	6.5e-10
5.37e6	6.5e-10
5.39e6	4.5e-10
5.41e6	5.5e-10
5.43e6	4.5e-10
5.45e6	6.0e-10
5.47e6	3.0e-10
5.49e6	4.0e-10
5.51e6	5.5e-10
5.53e6	1.0e-10
5.55e6	4.0e-10
5.57e6	5.5e-10
5.59e6	5.0e-11
5.61e6	3.0e-10
5.63e6	2.5e-10
5.65e6	4.5e-10
5.67e6	3.0e-10
5.69e6	2.5e-10
5.71e6	3.0e-10
5.73e6	2.0e-10
5.75e6	3.5e-10
5.77e6	1.5e-10
5.79e6	1.5e-10
5.81e6	1.5e-10
5.83e6	1.0e-10
5.85e6	0.0
5.87e6	1.5e-10
5.89e6	1.0e-10
5.91e6	2.5e-10
5.93e6	1.0e-10
5.95e6	1.5e-10
5.97e6	1.0e-10
5.99e6	5.0e-11
6.01e6	1.0e-10
6.03e6	2.0e-10
6.05e6	1.0e-10
6.07e6	1.0e-10
6.09e6	5.0e-11
6.11e6	1.5e-10
6.13e6	5.0e-11
6.15e6	1.5e-10
6.17e6	0.0
6.19e6	1.0e-10
6.21e6	0.0
6.23e6	0.0
6.25e6	5.0e-11
6.27e6	1.0e-10
6.29e6	1.0e-10
6.31e6	5.0e-11
6.33e6	1.0e-10
6.35e6	5.0e-11
6.37e6	5.0e-11
6.39e6	1.5e-10
6.41e6	5.0e-11
6.43e6	1.0e-10
6.45e6	0.0
6.47e6	0.0
6.49e6	5.0e-11
6.51e6	0.0
6.53e6	0.0
6.55e6	5.0e-11
6.57e6	0.0
6.59e6	0.0
6.61e6	0.0
6.63e6	5.0e-11
6.65e6	0.0
6.67e6	0.0
6.69e6	0.0
6.71e6	0.0
6.73e6	5.0e-11
6.75e6	0.0
6.77e6	0.0
6.79e6	0.0
6.81e6	0.0
6.83e6	0.0
6.85e6	0.0
6.87e6	0.0
6.89e6	5.0e-11
6.91e6	0.0
6.93e6	0.0
6.95e6	0.0
6.97e6	0.0
6.99e6	0.0
7.01e6	0.0
7.03e6	0.0
7.05e6	0.0
7.07e6	0.0
7.09e6	0.0
7.11e6	0.0
7.13e6	0.0
7.15e6	0.0
7.17e6	5.0e-11
