x	y
-2.6575e7	2.0e-12
-2.6525e7	0.0
-2.6475e7	0.0
-2.6425e7	0.0
-2.6375e7	0.0
-2.6325e7	2.0e-12
-2.6275e7	0.0
-2.6225e7	0.0
-2.6175e7	0.0
-2.6125e7	0.0
-2.6075e7	2.0e-12
-2.6025e7	2.0e-12
-2.5975e7	0.0
-2.5925e7	0.0
-2.5875e7	0.0
-2.5825e7	0.0
-2.5775e7	0.0
-2.5725e7	0.0
-2.5675e7	0.0
-2.5625e7	0.0
-2.5575e7	0.0
-2.5525e7	0.0
-2.5475e7	0.0
-2.5425e7	0.0
-2.5375e7	0.0
-2.5325e7	0.0
-2.5275e7	0.0
-2.5225e7	0.0
-2.5175e7	0.0
-2.5125e7	0.0
-2.5075e7	0.0
-2.5025e7	0.0
-2.4975e7	0.0
-2.4925e7	0.0
-2.4875e7	0.0
-2.4825e7	0.0
-2.4775e7	2.0e-12
-2.4725e7	0.0
-2.4675e7	0.0
-2.4625e7	0.0
-2.4575e7	0.0
-2.4525e7	0.0
-2.4475e7	2.0e-12
-2.4425e7	0.0
-2.4375e7	0.0
-2.4325e7	0.0
-2.4275e7	0.0
-2.4225e7	2.0e-12
-2.4175e7	0.0
-2.4125e7	0.0
-2.4075e7	2.0e-12
-2.4025e7	2.0e-12
-2.3975e7	0.0
-2.3925e7	0.0
-2.3875e7	2.0e-12
-2.3825e7	0.0
-2.3775e7	0.0
-2.3725e7	4.0e-12
-2.3675e7	0.0
-2.3625e7	0.0
-2.3575e7	2.0e-12
-2.3525e7	0.0
-2.3475e7	0.0
-2.3425e7	0.0
-2.3375e7	0.0
-2.3325e7	0.0
-2.3275e7	6.0e-12
-2.3225e7	0.0
-2.3175e7	0.0
-2.3125e7	4.0e-12
-2.3075e7	2.0e-12
-2.3025e7	2.0e-12
-2.2975e7	0.0
-2.2925e7	4.0e-12
-2.2875e7	0.0
-2.2825e7	2.0e-12
-2.2775e7	6.0e-12
-2.2725e7	2.0e-12
-2.2675e7	0.0
-2.2625e7	0.0
-2.2575e7	4.0e-12
-2.2525e7	6.0e-12
-2.2475e7	2.0e-12
-2.2425e7	2.0e-12
-2.2375e7	4.0e-12
-2.2325e7	4.0e-12
-2.2275e7	2.0e-12
-2.2225e7	8.0e-12
-2.2175e7	0.0
-2.2125e7	4.0e-12
-2.2075e7	4.0e-12
-2.2025e7	1.0e-11
-2.1975e7	4.0e-12
-2.1925e7	2.0e-12
-2.1875e7	2.0e-12
-2.1825e7	8.0e-12
-2.1775e7	0.0
-2.1725e7	6.0e-12
-2.1675e7	8.0e-12
-2.1625e7	0.0
-2.1575e7	2.0e-12
-2.1525e7	1.0e-11
-2.1475e7	6.0e-12
-2.1425e7	0.0
-2.1375e7	8.0e-12
-2.1325e7	8.0e-12
-2.1275e7	6.0e-12
-2.1225e7	1.2e-11
-2.1175e7	1.0e-11
-2.1125e7	1.6e-11
-2.1075e7	8.0e-12
-2.1025e7	4.0e-12
-2.0975e7	1.0e-11
-2.0925e7	8.0e-12
-2.0875e7	6.0e-12
-2.0825e7	1.8e-11
-2.0775e7	1.4e-11
-2.0725e7	1.4e-11
-2.0675e7	1.8e-11
-2.0625e7	1.4e-11
-2.0575e7	1.8e-11
-2.0525e7	1.0e-11
-2.0475e7	2.4e-11
-2.0425e7	1.2e-11
-2.0375e7	1.2e-11
-2.0325e7	1.4e-11
-2.0275e7	2.4e-11
-2.0225e7	1.6e-11
-2.0175e7	2.0e-11
-2.0125e7	1.6e-11
-2.0075e7	2.0e-11
-2.0025e7	2.0e-11
-1.9975e7	2.2e-11
-1.9925e7	1.6e-11
-1.9875e7	3.8e-11
-1.9825e7	2.0e-11
-1.9775e7	1.8e-11
-1.9725e7	3.0e-11
-1.9675e7	1.0e-11
-1.9625e7	4.0e-11
-1.9575e7	2.8e-11
-1.9525e7	1.6e-11
-1.9475e7	3.8e-11
-1.9425e7	2.2e-11
-1.9375e7	4.0e-11
-1.9325e7	4.2e-11
-1.9275e7	5.4e-11
-1.9225e7	5.4e-11
-1.9175e7	4.0e-11
-1.9125e7	6.6e-11
-1.9075e7	5.6e-11
-1.9025e7	4.8e-11
-1.8975e7	6.0e-11
-1.8925e7	4.6e-11
-1.8875e7	6.4e-11
-1.8825e7	7.2e-11
-1.8775e7	6.0e-11
-1.8725e7	6.4e-11
-1.8675e7	5.8e-11
-1.8625e7	7.4e-11
-1.8575e7	7.8e-11
-1.8525e7	4.2e-11
-1.8475e7	8.0e-11
-1.8425e7	9.6e-11
-1.8375e7	9.2e-11
-1.8325e7	8.0e-11
-1.8275e7	7.0e-11
-1.8225e7	9.0e-11
-1.8175e7	9.2e-11
-1.8125e7	7.2e-11
-1.8075e7	1.12e-10
-1.8025e7	1.0e-10
-1.7975e7	9.6e-11
-1.7925e7	1.02e-10
-1.7875e7	1.5e-10
-1.7825e7	1.2e-10
-1.7775e7	1.36e-10
-1.7725e7	1.24e-10
-1.7675e7	1.18e-10
-1.7625e7	1.56e-10
-1.7575e7	1.38e-10
-1.7525e7	1.34e-10
-1.7475e7	1.68e-10
-1.7425e7	1.44e-10
-1.7375e7	1.66e-10
-1.7325e7	1.68e-10
-1.7275e7	1.64e-10
-1.7225e7	1.8e-10
-1.7175e7	1.84e-10
-1.7125e7	1.92e-10
-1.7075e7	2.1e-10
-1.7025e7	1.88e-10
-1.6975e7	2.58e-10
-1.6925e7	2.3e-10
-1.6875e7	2.36e-10
-1.6825e7	2.78e-10
-1.6775e7	2.02e-10
-1.6725e7	2.48e-10
-1.6675e7	2.64e-10
-1.6625e7	2.92e-10
-1.6575e7	2.86e-10
-1.6525e7	3.16e-10
-1.6475e7	2.98e-10
-1.6425e7	3.78e-10
-1.6375e7	3.26e-10
-1.6325e7	3.66e-10
-1.6275e7	3.7e-10
-1.6225e7	3.56e-10
-1.6175e7	3.92e-10
-1.6125e7	4.14e-10
-1.6075e7	3.6e-10
-1.6025e7	4.16e-10
-1.5975e7	3.74e-10
-1.5925e7	4.12e-10
-1.5875e7	4.88e-10
-1.5825e7	4.74e-10
-1.5775e7	4.24e-10
-1.5725e7	5.14e-10
-1.5675e7	5.24e-10
-1.5625e7	4.94e-10
-1.5575e7	5.66e-10
-1.5525e7	5.22e-10
-1.5475e7	5.88e-10
-1.5425e7	6.44e-10
-1.5375e7	6.28e-10
-1.5325e7	6.04e-10
-1.5275e7	6.64e-10
-1.5225e7	7.2e-10
-1.5175e7	7.38e-10
-1.5125e7	7.32e-10
-1.5075e7	7.38e-10
-1.5025e7	8.28e-10
-1.4975e7	7.98e-10
-1.4925e7	7.34e-10
-1.4875e7	7.92e-10
-1.4825e7	8.26e-10
-1.4775e7	8.86e-10
-1.4725e7	9.46e-10
-1.4675e7	9.52e-10
-1.4625e7	1.074e-9
-1.4575e7	1.07e-9
-1.4525e7	1.03e-9
-1.4475e7	1.016e-9
-1.4425e7	1.156e-9
-1.4375e7	1.12e-9
-1.4325e7	1.136e-9
-1.4275e7	1.17e-9
-1.4225e7	1.208e-9
-1.4175e7	1.294e-9
-1.4125e7	1.276e-9
-1.4075e7	1.324e-9
-1.4025e7	1.356e-9
-1.3975e7	1.484e-9
-1.3925e7	1.47e-9
-1.3875e7	1.542e-9
-1.3825e7	1.616e-9
-1.3775e7	1.62e-9
-1.3725e7	1.556e-9
-1.3675e7	1.738e-9
-1.3625e7	1.684e-9
-1.3575e7	1.858e-9
-1.3525e7	1.746e-9
-1.3475e7	1.942e-9
-1.3425e7	1.86e-9
-1.3375e7	1.936e-9
-1.3325e7	2.022e-9
-1.3275e7	2.08e-9
-1.3225e7	2.18e-9
-1.3175e7	2.184e-9
-1.3125e7	2.246e-9
-1.3075e7	2.41e-9
-1.3025e7	2.398e-9
-1.2975e7	2.448e-9
-1.2925e7	2.574e-9
-1.2875e7	2.538e-9
-1.2825e7	2.59e-9
-1.2775e7	2.782e-9
-1.2725e7	2.762e-9
-1.2675e7	2.832e-9
-1.2625e7	3.066e-9
-1.2575e7	3.102e-9
-1.2525e7	3.102e-9
-1.2475e7	3.132e-9
-1.2425e7	3.338e-9
-1.2375e7	3.326e-9
-1.2325e7	3.452e-9
-1.2275e7	3.466e-9
-1.2225e7	3.56e-9
-1.2175e7	3.782e-9
-1.2125e7	3.794e-9
-1.2075e7	4.002e-9
-1.2025e7	3.924e-9
-1.1975e7	4.102e-9
-1.1925e7	4.426e-9
-1.1875e7	4.224e-9
-1.1825e7	4.502e-9
-1.1775e7	4.748e-9
-1.1725e7	4.472e-9
-1.1675e7	4.712e-9
-1.1625e7	4.778e-9
-1.1575e7	5.084e-9
-1.1525e7	5.078e-9
-1.1475e7	5.348e-9
-1.1425e7	5.202e-9
-1.1375e7	5.432e-9
-1.1325e7	5.56e-9
-1.1275e7	5.828e-9
-1.1225e7	5.904e-9
-1.1175e7	5.87e-9
-1.1125e7	5.932e-9
-1.1075e7	6.192e-9
-1.1025e7	6.526e-9
-1.0975e7	6.576e-9
-1.0925e7	6.996e-9
-1.0875e7	7.09e-9
-1.0825e7	6.772e-9
-1.0775e7	7.078e-9
-1.0725e7	7.532e-9
-1.0675e7	7.404e-9
-1.0625e7	7.564e-9
-1.0575e7	7.75e-9
-1.0525e7	8.012e-9
-1.0475e7	8.038e-9
-1.0425e7	8.35e-9
-1.0375e7	8.392e-9
-1.0325e7	8.616e-9
-1.0275e7	8.78e-9
-1.0225e7	8.854e-9
-1.0175e7	9.262e-9
-1.0125e7	9.516e-9
-1.0075e7	9.248e-9
-1.0025e7	9.946e-9
-9.975e6	1.0014e-8
-9.925e6	1.0342e-8
-9.875e6	1.0456e-8
-9.825e6	1.085e-8
-9.775e6	1.0696e-8
-9.725e6	1.0918e-8
-9.675e6	1.1232e-8
-9.625e6	1.145e-8
-9.575e6	1.1866e-8
-9.525e6	1.195e-8
-9.475e6	1.2046e-8
-9.425e6	1.234e-8
-9.375e6	1.2594e-8
-9.325e6	1.2874e-8
-9.275e6	1.3102e-8
-9.225e6	1.3072e-8
-9.175e6	1.3544e-8
-9.125e6	1.3938e-8
-9.075e6	1.41e-8
-9.025e6	1.4396e-8
-8.975e6	1.468e-8
-8.925e6	1.4902e-8
-8.875e6	1.5088e-8
-8.825e6	1.5716e-8
-8.775e6	1.5876e-8
-8.725e6	1.6054e-8
-8.675e6	1.6508e-8
-8.625e6	1.6668e-8
-8.575e6	1.7022e-8
-8.525e6	1.7116e-8
-8.475e6	1.7558e-8
-8.425e6	1.8104e-8
-8.375e6	1.8294e-8
-8.325e6	1.8504e-8
-8.275e6	1.887e-8
-8.225e6	1.9094e-8
-8.175e6	1.9606e-8
-8.125e6	1.9948e-8
-8.075e6	2.0056e-8
-8.025e6	2.075e-8
-7.975e6	2.0572e-8
-7.925e6	2.1002e-8
-7.875e6	2.1002e-8
-7.825e6	2.1666e-8
-7.775e6	2.2392e-8
-7.725e6	2.2656e-8
-7.675e6	2.2764e-8
-7.625e6	2.366e-8
-7.575e6	2.3362e-8
-7.525e6	2.4214e-8
-7.475e6	2.4292e-8
-7.425e6	2.4418e-8
-7.375e6	2.4698e-8
-7.325e6	2.5238e-8
-7.275e6	2.5724e-8
-7.225e6	2.5998e-8
-7.175e6	2.69e-8
-7.125e6	2.7132e-8
-7.075e6	2.7424e-8
-7.025e6	2.7556e-8
-6.975e6	2.8076e-8
-6.925e6	2.849e-8
-6.875e6	2.8902e-8
-6.825e6	2.9006e-8
-6.775e6	3.0082e-8
-6.725e6	3.008e-8
-6.675e6	3.0162e-8
-6.625e6	3.108e-8
-6.575e6	3.1408e-8
-6.525e6	3.1686e-8
-6.475e6	3.2074e-8
-6.425e6	3.2344e-8
-6.375e6	3.331e-8
-6.325e6	3.3264e-8
-6.275e6	3.3678e-8
-6.225e6	3.4016e-8
-6.175e6	3.4874e-8
-6.125e6	3.5026e-8
-6.075e6	3.5976e-8
-6.025e6	3.6104e-8
-5.975e6	3.7318e-8
-5.925e6	3.7158e-8
-5.875e6	3.7436e-8
-5.825e6	3.775e-8
-5.775e6	3.86e-8
-5.725e6	3.8858e-8
-5.675e6	3.9264e-8
-5.625e6	3.9446e-8
-5.575e6	4.0184e-8
-5.525e6	4.1176e-8
-5.475e6	4.1292e-8
-5.425e6	4.157e-8
-5.375e6	4.1864e-8
-5.325e6	4.2242e-8
-5.275e6	4.2724e-8
-5.225e6	4.3912e-8
-5.175e6	4.3658e-8
-5.125e6	4.3796e-8
-5.075e6	4.4556e-8
-5.025e6	4.518e-8
-4.975e6	4.5928e-8
-4.925e6	4.6098e-8
-4.875e6	4.6372e-8
-4.825e6	4.7048e-8
-4.775e6	4.762e-8
-4.725e6	4.72e-8
-4.675e6	4.8676e-8
-4.625e6	4.839e-8
-4.575e6	4.9472e-8
-4.525e6	4.968e-8
-4.475e6	5.0138e-8
-4.425e6	5.068e-8
-4.375e6	5.1556e-8
-4.325e6	5.1422e-8
-4.275e6	5.1544e-8
-4.225e6	5.2336e-8
-4.175e6	5.2808e-8
-4.125e6	5.4124e-8
-4.075e6	5.4408e-8
-4.025e6	5.4658e-8
-3.975e6	5.4868e-8
-3.925e6	5.541e-8
-3.875e6	5.5816e-8
-3.825e6	5.6302e-8
-3.775e6	5.632e-8
-3.725e6	5.6526e-8
-3.675e6	5.7796e-8
-3.625e6	5.8002e-8
-3.575e6	5.8208e-8
-3.525e6	5.8716e-8
-3.475e6	5.8328e-8
-3.425e6	5.9842e-8
-3.375e6	6.0816e-8
-3.325e6	6.0862e-8
-3.275e6	6.088e-8
-3.225e6	6.1558e-8
-3.175e6	6.166e-8
-3.125e6	6.2834e-8
-3.075e6	6.3242e-8
-3.025e6	6.2744e-8
-2.975e6	6.3426e-8
-2.925e6	6.491e-8
-2.875e6	6.4064e-8
-2.825e6	6.4592e-8
-2.775e6	6.4908e-8
-2.725e6	6.5818e-8
-2.675e6	6.5246e-8
-2.625e6	6.6222e-8
-2.575e6	6.6594e-8
-2.525e6	6.7064e-8
-2.475e6	6.7312e-8
-2.425e6	6.7678e-8
-2.375e6	6.8176e-8
-2.325e6	6.8736e-8
-2.275e6	6.881e-8
-2.225e6	6.8776e-8
-2.175e6	6.907e-8
-2.125e6	6.8968e-8
-2.075e6	6.9246e-8
-2.025e6	7.0302e-8
-1.975e6	7.0672e-8
-1.925e6	7.081e-8
-1.875e6	7.126e-8
-1.825e6	7.1448e-8
-1.775e6	7.1582e-8
-1.725e6	7.2112e-8
-1.675e6	7.2744e-8
-1.625e6	7.2384e-8
-1.575e6	7.2994e-8
-1.525e6	7.3492e-8
-1.475e6	7.36e-8
-1.425e6	7.348e-8
-1.375e6	7.3838e-8
-1.325e6	7.3968e-8
-1.275e6	7.4378e-8
-1.225e6	7.4144e-8
-1.175e6	7.4674e-8
-1.125e6	7.4268e-8
-1.075e6	7.515e-8
-1.025e6	7.5306e-8
-975000.0	7.5716e-8
-925000.0	7.5338e-8
-875000.0	7.6438e-8
-825000.0	7.6164e-8
-775000.0	7.5862e-8
-725000.0	7.6328e-8
-675000.0	7.6424e-8
-625000.0	7.6698e-8
-575000.0	7.7342e-8
-525000.0	7.7278e-8
-475000.0	7.6578e-8
-425000.0	7.7028e-8
-375000.0	7.6978e-8
-325000.0	7.7632e-8
-275000.0	7.7374e-8
-225000.0	7.8022e-8
-175000.0	7.7764e-8
-125000.0	7.7528e-8
-75000.0	7.76e-8
-25000.0	7.8124e-8
25000.0	7.7946e-8
75000.0	7.74e-8
125000.0	7.811e-8
175000.0	7.7574e-8
225000.0	7.7988e-8
275000.0	7.8264e-8
325000.0	7.8264e-8
375000.0	7.8582e-8
425000.0	7.7732e-8
475000.0	7.7602e-8
525000.0	7.8342e-8
575000.0	7.839e-8
625000.0	7.7254e-8
675000.0	7.7136e-8
725000.0	7.7422e-8
775000.0	7.7428e-8
825000.0	7.7486e-8
875000.0	7.7602e-8
925000.0	7.7144e-8
975000.0	7.7094e-8
1.025e6	7.7474e-8
1.075e6	7.7672e-8
1.125e6	7.6648e-8
1.175e6	7.6552e-8
1.225e6	7.605e-8
1.275e6	7.6898e-8
1.325e6	7.5852e-8
1.375e6	7.5444e-8
1.425e6	7.6166e-8
1.475e6	7.546e-8
1.525e6	7.5516e-8
1.575e6	7.5288e-8
1.625e6	7.5546e-8
1.675e6	7.4676e-8
1.725e6	7.4484e-8
1.775e6	7.529e-8
1.825e6	7.4522e-8
1.875e6	7.4672e-8
1.925e6	7.3602e-8
1.975e6	7.418e-8
2.025e6	7.4492e-8
2.075e6	7.2882e-8
2.125e6	7.2922e-8
2.175e6	7.2054e-8
2.225e6	7.2394e-8
2.275e6	7.2212e-8
2.325e6	7.2358e-8
2.375e6	7.2176e-8
2.425e6	7.1422e-8
2.475e6	7.1688e-8
2.525e6	7.0618e-8
2.575e6	7.0656e-8
2.625e6	7.059e-8
2.675e6	7.0262e-8
2.725e6	6.948e-8
2.775e6	6.8724e-8
2.825e6	6.92e-8
2.875e6	6.8556e-8
2.925e6	6.8386e-8
2.975e6	6.8136e-8
3.025e6	6.709e-8
3.075e6	6.7158e-8
3.125e6	6.7228e-8
3.175e6	6.6594e-8
3.225e6	6.599e-8
3.275e6	6.5398e-8
3.325e6	6.5268e-8
3.375e6	6.5306e-8
3.425e6	6.4692e-8
3.475e6	6.4144e-8
3.525e6	6.4e-8
3.575e6	6.3294e-8
3.625e6	6.265e-8
3.675e6	6.276e-8
3.725e6	6.254e-8
3.775e6	6.1768e-8
3.825e6	6.2118e-8
3.875e6	6.0624e-8
3.925e6	6.043e-8
3.975e6	6.0294e-8
4.025e6	5.9462e-8
4.075e6	5.9294e-8
4.125e6	5.8516e-8
4.175e6	5.8238e-8
4.225e6	5.8228e-8
4.275e6	5.7588e-8
4.325e6	5.7102e-8
4.375e6	5.6764e-8
4.425e6	5.6514e-8
4.475e6	5.6148e-8
4.525e6	5.5536e-8
4.575e6	5.5504e-8
4.625e6	5.4612e-8
4.675e6	5.4014e-8
4.725e6	5.3514e-8
4.775e6	5.3554e-8
4.825e6	5.2314e-8
4.875e6	5.2268e-8
4.925e6	5.2204e-8
4.975e6	5.1744e-8
5.025e6	5.1138e-8
5.075e6	5.0318e-8
5.125e6	4.9944e-8
5.175e6	4.9512e-8
5.225e6	4.9452e-8
5.275e6	4.7582e-8
5.325e6	4.8472e-8
5.375e6	4.7592e-8
5.425e6	4.702e-8
5.475e6	4.7358e-8
5.525e6	4.6878e-8
5.575e6	4.5876e-8
5.625e6	4.557e-8
5.675e6	4.5324e-8
5.725e6	4.3996e-8
5.775e6	4.4562e-8
5.825e6	4.3338e-8
5.875e6	4.3204e-8
5.925e6	4.3182e-8
5.975e6	4.2162e-8
6.025e6	4.128e-8
6.075e6	4.0938e-8
6.125e6	4.0544e-8
6.175e6	3.9906e-8
6.225e6	4.0036e-8
6.275e6	3.958e-8
6.325e6	3.933e-8
6.375e6	3.8966e-8
6.425e6	3.8026e-8
6.475e6	3.7666e-8
6.525e6	3.714e-8
6.575e6	3.6864e-8
6.625e6	3.654e-8
6.675e6	3.6128e-8
6.725e6	3.5778e-8
6.775e6	3.5254e-8
6.825e6	3.4786e-8
6.875e6	3.4392e-8
6.925e6	3.4014e-8
6.975e6	3.3254e-8
7.025e6	3.3272e-8
7.075e6	3.2948e-8
7.125e6	3.2594e-8
7.175e6	3.2366e-8
7.225e6	3.1398e-8
7.275e6	3.058e-8
7.325e6	3.0912e-8
7.375e6	3.0394e-8
7.425e6	3.0158e-8
7.475e6	2.9828e-8
7.525e6	2.916e-8
7.575e6	2.8592e-8
7.625e6	2.8384e-8
7.675e6	2.7622e-8
7.725e6	2.7504e-8
7.775e6	2.7118e-8
7.825e6	2.6726e-8
7.875e6	2.6192e-8
7.925e6	2.5928e-8
7.975e6	2.5376e-8
8.025e6	2.549e-8
8.075e6	2.4506e-8
8.125e6	2.4374e-8
8.175e6	2.4062e-8
8.225e6	2.3894e-8
8.275e6	2.3698e-8
8.325e6	2.3488e-8
8.375e6	2.2814e-8
8.425e6	2.289e-8
8.475e6	2.2474e-8
8.525e6	2.2102e-8
8.575e6	2.1566e-8
8.625e6	2.1122e-8
8.675e6	2.0928e-8
8.725e6	2.0208e-8
8.775e6	2.0236e-8
8.825e6	2.0148e-8
8.875e6	1.9466e-8
8.925e6	1.9136e-8
8.975e6	1.908e-8
9.025e6	1.839e-8
9.075e6	1.8338e-8
9.125e6	1.8126e-8
9.175e6	1.782e-8
9.225e6	1.7446e-8
9.275e6	1.7572e-8
9.325e6	1.716e-8
9.375e6	1.678e-8
9.425e6	1.6382e-8
9.475e6	1.5908e-8
9.525e6	1.56e-8
9.575e6	1.5522e-8
9.625e6	1.5228e-8
9.675e6	1.463e-8
9.725e6	1.49e-8
9.775e6	1.472e-8
9.825e6	1.4434e-8
9.875e6	1.3704e-8
9.925e6	1.3922e-8
9.975e6	1.3402e-8
1.0025e7	1.3378e-8
1.0075e7	1.3268e-8
1.0125e7	1.3028e-8
1.0175e7	1.256e-8
1.0225e7	1.209e-8
1.0275e7	1.2186e-8
1.0325e7	1.1878e-8
1.0375e7	1.1688e-8
1.0425e7	1.1454e-8
1.0475e7	1.1286e-8
1.0525e7	1.1092e-8
1.0575e7	1.1188e-8
1.0625e7	1.0736e-8
1.0675e7	1.0706e-8
1.0725e7	1.0176e-8
1.0775e7	1.0046e-8
1.0825e7	1.0032e-8
1.0875e7	9.494e-9
1.0925e7	9.222e-9
1.0975e7	9.486e-9
1.1025e7	9.256e-9
1.1075e7	8.862e-9
1.1125e7	8.98e-9
1.1175e7	8.446e-9
1.1225e7	8.43e-9
1.1275e7	8.148e-9
1.1325e7	8.048e-9
1.1375e7	7.878e-9
1.1425e7	7.76e-9
1.1475e7	7.522e-9
1.1525e7	7.538e-9
1.1575e7	7.332e-9
1.1625e7	7.122e-9
1.1675e7	6.836e-9
1.1725e7	6.73e-9
1.1775e7	6.74e-9
1.1825e7	6.456e-9
1.1875e7	6.658e-9
1.1925e7	6.144e-9
1.1975e7	6.238e-9
1.2025e7	5.78e-9
1.2075e7	6.008e-9
1.2125e7	5.638e-9
1.2175e7	5.524e-9
1.2225e7	5.654e-9
1.2275e7	5.3e-9
1.2325e7	5.212e-9
1.2375e7	5.024e-9
1.2425e7	4.972e-9
1.2475e7	5.006e-9
1.2525e7	4.738e-9
1.2575e7	4.602e-9
1.2625e7	4.802e-9
1.2675e7	4.51e-9
1.2725e7	4.436e-9
1.2775e7	4.378e-9
1.2825e7	4.228e-9
1.2875e7	4.092e-9
1.2925e7	4.07e-9
1.2975e7	3.952e-9
1.3025e7	3.912e-9
1.3075e7	3.812e-9
1.3125e7	3.47e-9
1.3175e7	3.584e-9
1.3225e7	3.468e-9
1.3275e7	3.38e-9
1.3325e7	3.488e-9
1.3375e7	3.4e-9
1.3425e7	3.194e-9
1.3475e7	3.21e-9
1.3525e7	3.026e-9
1.3575e7	2.924e-9
1.3625e7	3.018e-9
1.3675e7	2.712e-9
1.3725e7	2.81e-9
1.3775e7	2.708e-9
1.3825e7	2.714e-9
1.3875e7	2.568e-9
1.3925e7	2.586e-9
1.3975e7	2.536e-9
1.4025e7	2.366e-9
1.4075e7	2.344e-9
1.4125e7	2.28e-9
1.4175e7	2.196e-9
1.4225e7	2.218e-9
1.4275e7	2.178e-9
1.4325e7	2.092e-9
1.4375e7	2.058e-9
1.4425e7	1.918e-9
1.4475e7	1.93e-9
1.4525e7	1.868e-9
1.4575e7	1.822e-9
1.4625e7	1.788e-9
1.4675e7	1.746e-9
1.4725e7	1.638e-9
1.4775e7	1.69e-9
1.4825e7	1.54e-9
1.4875e7	1.584e-9
1.4925e7	1.416e-9
1.4975e7	1.482e-9
1.5025e7	1.322e-9
1.5075e7	1.51e-9
1.5125e7	1.418e-9
1.5175e7	1.252e-9
1.5225e7	1.402e-9
1.5275e7	1.28e-9
1.5325e7	1.3e-9
1.5375e7	1.156e-9
1.5425e7	1.184e-9
1.5475e7	1.132e-9
1.5525e7	1.096e-9
1.5575e7	1.056e-9
1.5625e7	9.24e-10
1.5675e7	1.078e-9
1.5725e7	9.48e-10
1.5775e7	9.58e-10
1.5825e7	8.74e-10
1.5875e7	9.88e-10
1.5925e7	9.0e-10
1.5975e7	8.56e-10
1.6025e7	8.38e-10
1.6075e7	7.04e-10
1.6125e7	8.84e-10
1.6175e7	7.02e-10
1.6225e7	6.8e-10
1.6275e7	6.6e-10
1.6325e7	6.4e-10
1.6375e7	6.42e-10
1.6425e7	6.72e-10
1.6475e7	6.64e-10
1.6525e7	5.46e-10
1.6575e7	6.04e-10
1.6625e7	5.72e-10
1.6675e7	5.88e-10
1.6725e7	5.82e-10
1.6775e7	5.4e-10
1.6825e7	4.78e-10
1.6875e7	5.3e-10
1.6925e7	4.6e-10
1.6975e7	4.8e-10
1.7025e7	4.64e-10
1.7075e7	4.72e-10
1.7125e7	4.7e-10
1.7175e7	3.9e-10
1.7225e7	4.24e-10
1.7275e7	4.26e-10
1.7325e7	4.36e-10
1.7375e7	3.8e-10
1.7425e7	3.86e-10
1.7475e7	3.5e-10
1.7525e7	3.56e-10
1.7575e7	3.0e-10
1.7625e7	2.92e-10
1.7675e7	3.28e-10
1.7725e7	3.14e-10
1.7775e7	2.62e-10
1.7825e7	2.82e-10
1.7875e7	2.44e-10
1.7925e7	2.36e-10
1.7975e7	2.56e-10
1.8025e7	2.62e-10
1.8075e7	2.54e-10
1.8125e7	2.42e-10
1.8175e7	2.0e-10
1.8225e7	2.26e-10
1.8275e7	2.36e-10
1.8325e7	2.24e-10
1.8375e7	1.96e-10
1.8425e7	2.14e-10
1.8475e7	1.9e-10
1.8525e7	1.92e-10
1.8575e7	1.76e-10
1.8625e7	1.74e-10
1.8675e7	1.66e-10
1.8725e7	1.68e-10
1.8775e7	1.66e-10
1.8825e7	1.68e-10
1.8875e7	1.22e-10
1.8925e7	1.72e-10
1.8975e7	1.2e-10
1.9025e7	1.5e-10
1.9075e7	1.32e-10
1.9125e7	1.2e-10
1.9175e7	1.06e-10
1.9225e7	1.22e-10
1.9275e7	1.04e-10
1.9325e7	8.6e-11
1.9375e7	8.4e-11
1.9425e7	1.06e-10
1.9475e7	1.0e-10
1.9525e7	7.4e-11
1.9575e7	7.2e-11
1.9625e7	7.0e-11
1.9675e7	9.2e-11
1.9725e7	6.0e-11
1.9775e7	8.2e-11
1.9825e7	4.2e-11
1.9875e7	7.4e-11
1.9925e7	6.6e-11
1.9975e7	4.4e-11
2.0025e7	5.2e-11
2.0075e7	6.2e-11
2.0125e7	5.8e-11
2.0175e7	5.4e-11
2.0225e7	4.8e-11
2.0275e7	7.4e-11
2.0325e7	5.6e-11
2.0375e7	5.0e-11
2.0425e7	5.0e-11
2.0475e7	3.4e-11
2.0525e7	5.0e-11
2.0575e7	4.2e-11
2.0625e7	5.6e-11
2.0675e7	3.6e-11
2.0725e7	5.2e-11
2.0775e7	7.0e-11
2.0825e7	4.6e-11
2.0875e7	1.8e-11
2.0925e7	3.2e-11
2.0975e7	3.6e-11
2.1025e7	2.2e-11
2.1075e7	3.4e-11
2.1125e7	3.8e-11
2.1175e7	2.6e-11
2.1225e7	2.6e-11
2.1275e7	2.6e-11
2.1325e7	2.6e-11
2.1375e7	3.0e-11
2.1425e7	2.4e-11
2.1475e7	3.2e-11
2.1525e7	1.8e-11
2.1575e7	3.2e-11
2.1625e7	3.0e-11
2.1675e7	2.0e-11
2.1725e7	1.4e-11
2.1775e7	1.0e-11
2.1825e7	1.0e-11
2.1875e7	1.8e-11
2.1925e7	1.6e-11
2.1975e7	2.2e-11
2.2025e7	8.0e-12
2.2075e7	2.0e-11
2.2125e7	1.0e-11
2.2175e7	1.6e-11
2.2225e7	1.4e-11
2.2275e7	1.4e-11
2.2325e7	1.4e-11
2.2375e7	1.2e-11
2.2425e7	1.2e-11
2.2475e7	1.0e-11
2.2525e7	2.0e-11
2.2575e7	1.0e-11
2.2625e7	1.2e-11
2.2675e7	1.4e-11
2.2725e7	1.0e-11
2.2775e7	1.4e-11
2.2825e7	6.0e-12
2.2875e7	2.0e-12
2.2925e7	4.0e-12
2.2975e7	1.4e-11
2.3025e7	6.0e-12
2.3075e7	8.0e-12
2.3125e7	8.0e-12
2.3175e7	1.0e-11
2.3225e7	0.0
2.3275e7	6.0e-12
2.3325e7	4.0e-12
2.3375e7	8.0e-12
2.3425e7	6.0e-12
2.3475e7	6.0e-12
2.3525e7	8.0e-12
2.3575e7	1.0e-11
2.3625e7	6.0e-12
2.3675e7	2.0e-12
2.3725e7	6.0e-12
2.3775e7	2.0e-12
2.3825e7	4.0e-12
2.3875e7	0.0
2.3925e7	4.0e-12
2.3975e7	6.0e-12
2.4025e7	4.0e-12
2.4075e7	0.0
2.4125e7	4.0e-12
2.4175e7	0.0
2.4225e7	2.0e-12
2.4275e7	0.0
2.4325e7	2.0e-12
2.4375e7	2.0e-12
2.4425e7	2.0e-12
2.4475e7	6.0e-12
2.4525e7	4.0e-12
2.4575e7	0.0
2.4625e7	0.0
2.4675e7	2.0e-12
2.4725e7	2.0e-12
2.4775e7	0.0
2.4825e7	4.0e-12
2.4875e7	2.0e-12
2.4925e7	0.0
2.4975e7	0.0
2.5025e7	2.0e-12
2.5075e7	4.0e-12
2.5125e7	2.0e-12
2.5175e7	2.0e-12
2.5225e7	2.0e-12
2.5275e7	0.0
2.5325e7	4.0e-12
2.5375e7	0.0
2.5425e7	0.0
2.5475e7	0.0
2.5525e7	2.0e-12
2.5575e7	0.0
2.5625e7	0.0
2.5675e7	0.0
2.5725e7	0.0
2.5775e7	2.0e-12
2.5825e7	0.0
2.5875e7	2.0e-12
2.5925e7	0.0
2.5975e7	0.0
2.6025e7	2.0e-12
2.6075e7	0.0
2.6125e7	2.0e-12
2.6175e7	0.0
2.6225e7	2.0e-12
2.6275e7	4.0e-12
2.6325e7	0.0
2.6375e7	0.0
2.6425e7	0.0
2.6475e7	0.0
2.6525e7	0.0
2.6575e7	0.0
2.6625e7	0.0
2.6675e7	0.0
2.6725e7	0.0
2.6775e7	0.0
2.6825e7	0.0
2.6875e7	0.0
2.6925e7	0.0
2.6975e7	0.0
2.7025e7	0.0
2.7075e7	0.0
2.7125e7	0.0
2.7175e7	0.0
2.7225e7	0.0
2.7275e7	4.0e-12
