x	y
-1.0925e7	2.0e-11
-1.0875e7	2.0e-11
-1.0825e7	0.0
-1.0775e7	0.0
-1.0725e7	2.0e-11
-1.0675e7	0.0
-1.0625e7	0.0
-1.0575e7	0.0
-1.0525e7	0.0
-1.0475e7	0.0
-1.0425e7	0.0
-1.0375e7	0.0
-1.0325e7	0.0
-1.0275e7	0.0
-1.0225e7	0.0
-1.0175e7	0.0
-1.0125e7	0.0
-1.0075e7	2.0e-11
-1.0025e7	0.0
-9.975e6	2.0e-11
-9.925e6	4.0e-11
-9.875e6	0.0
-9.825e6	2.0e-11
-9.775e6	2.0e-11
-9.725e6	4.0e-11
-9.675e6	2.0e-11
-9.625e6	2.0e-11
-9.575e6	0.0
-9.525e6	2.0e-11
-9.475e6	4.0e-11
-9.425e6	2.0e-11
-9.375e6	1.0e-10
-9.325e6	4.0e-11
-9.275e6	2.0e-11
-9.225e6	6.0e-11
-9.175e6	4.0e-11
-9.125e6	0.0
-9.075e6	1.0e-10
-9.025e6	6.0e-11
-8.975e6	2.0e-11
-8.925e6	8.0e-11
-8.875e6	1.2e-10
-8.825e6	1.0e-10
-8.775e6	1.0e-10
-8.725e6	1.6e-10
-8.675e6	1.2e-10
-8.625e6	1.4e-10
-8.575e6	1.0e-10
-8.525e6	1.4e-10
-8.475e6	2.0e-10
-8.425e6	1.2e-10
-8.375e6	1.6e-10
-8.325e6	1.4e-10
-8.275e6	2.6e-10
-8.225e6	1.6e-10
-8.175e6	2.0e-10
-8.125e6	3.8e-10
-8.075e6	2.2e-10
-8.025e6	2.8e-10
-7.975e6	3.8e-10
-7.925e6	3.4e-10
-7.875e6	4.0e-10
-7.825e6	4.4e-10
-7.775e6	5.0e-10
-7.725e6	5.0e-10
-7.675e6	6.8e-10
-7.625e6	5.2e-10
-7.575e6	5.2e-10
-7.525e6	6.0e-10
-7.475e6	4.8e-10
-7.425e6	8.0e-10
-7.375e6	4.6e-10
-7.325e6	7.8e-10
-7.275e6	8.2e-10
-7.225e6	9.0e-10
-7.175e6	9.6e-10
-7.125e6	1.12e-9
-7.075e6	1.12e-9
-7.025e6	1.1e-9
-6.975e6	1.1e-9
-6.925e6	1.16e-9
-6.875e6	1.3e-9
-6.825e6	1.36e-9
-6.775e6	1.52e-9
-6.725e6	1.94e-9
-6.675e6	1.56e-9
-6.625e6	1.66e-9
-6.575e6	2.26e-9
-6.525e6	2.18e-9
-6.475e6	2.12e-9
-6.425e6	2.72e-9
-6.375e6	2.16e-9
-6.325e6	2.72e-9
-6.275e6	3.22e-9
-6.225e6	3.1e-9
-6.175e6	2.82e-9
-6.125e6	3.3e-9
-6.075e6	3.88e-9
-6.025e6	4.52e-9
-5.975e6	4.32e-9
-5.925e6	4.14e-9
-5.875e6	4.1e-9
-5.825e6	4.88e-9
-5.775e6	5.08e-9
-5.725e6	5.16e-9
-5.675e6	5.56e-9
-5.625e6	6.04e-9
-5.575e6	6.36e-9
-5.525e6	7.0e-9
-5.475e6	6.92e-9
-5.425e6	7.08e-9
-5.375e6	7.88e-9
-5.325e6	8.0e-9
-5.275e6	8.18e-9
-5.225e6	8.2e-9
-5.175e6	9.58e-9
-5.125e6	9.52e-9
-5.075e6	1.042e-8
-5.025e6	1.0e-8
-4.975e6	1.19e-8
-4.925e6	1.232e-8
-4.875e6	1.166e-8
-4.825e6	1.336e-8
-4.775e6	1.3e-8
-4.725e6	1.35e-8
-4.675e6	1.432e-8
-4.625e6	1.462e-8
-4.575e6	1.652e-8
-4.525e6	1.76e-8
-4.475e6	1.67e-8
-4.425e6	1.914e-8
-4.375e6	1.806e-8
-4.325e6	2.046e-8
-4.275e6	2.018e-8
-4.225e6	2.144e-8
-4.175e6	2.31e-8
-4.125e6	2.294e-8
-4.075e6	2.466e-8
-4.025e6	2.606e-8
-3.975e6	2.5e-8
-3.925e6	2.66e-8
-3.875e6	2.85e-8
-3.825e6	3.07e-8
-3.775e6	3.028e-8
-3.725e6	3.164e-8
-3.675e6	3.326e-8
-3.625e6	3.298e-8
-3.575e6	3.514e-8
-3.525e6	3.726e-8
-3.475e6	3.794e-8
-3.425e6	3.922e-8
-3.375e6	4.21e-8
-3.325e6	4.202e-8
-3.275e6	4.496e-8
-3.225e6	4.514e-8
-3.175e6	4.49e-8
-3.125e6	4.702e-8
-3.075e6	4.882e-8
-3.025e6	5.1e-8
-2.975e6	5.262e-8
-2.925e6	5.38e-8
-2.875e6	5.75e-8
-2.825e6	5.524e-8
-2.775e6	5.742e-8
-2.725e6	6.144e-8
-2.675e6	6.098e-8
-2.625e6	6.382e-8
-2.575e6	6.47e-8
-2.525e6	6.688e-8
-2.475e6	6.858e-8
-2.425e6	7.01e-8
-2.375e6	7.128e-8
-2.325e6	7.366e-8
-2.275e6	7.526e-8
-2.225e6	8.062e-8
-2.175e6	7.966e-8
-2.125e6	8.202e-8
-2.075e6	8.374e-8
-2.025e6	8.69e-8
-1.975e6	8.836e-8
-1.925e6	9.13e-8
-1.875e6	9.358e-8
-1.825e6	9.546e-8
-1.775e6	9.302e-8
-1.725e6	9.626e-8
-1.675e6	1.0162e-7
-1.625e6	9.862e-8
-1.575e6	1.0022e-7
-1.525e6	1.0804e-7
-1.475e6	1.08e-7
-1.425e6	1.092e-7
-1.375e6	1.118e-7
-1.325e6	1.1132e-7
-1.275e6	1.1424e-7
-1.225e6	1.1486e-7
-1.175e6	1.1678e-7
-1.125e6	1.1656e-7
-1.075e6	1.2026e-7
-1.025e6	1.238e-7
-975000.0	1.246e-7
-925000.0	1.2768e-7
-875000.0	1.2926e-7
-825000.0	1.3016e-7
-775000.0	1.3344e-7
-725000.0	1.3558e-7
-675000.0	1.3566e-7
-625000.0	1.3886e-7
-575000.0	1.389e-7
-525000.0	1.3752e-7
-475000.0	1.3956e-7
-425000.0	1.4302e-7
-375000.0	1.4128e-7
-325000.0	1.4602e-7
-275000.0	1.463e-7
-225000.0	1.4684e-7
-175000.0	1.4756e-7
-125000.0	1.4922e-7
-75000.0	1.5014e-7
-25000.0	1.513e-7
25000.0	1.5134e-7
75000.0	1.5642e-7
125000.0	1.5578e-7
175000.0	1.5656e-7
225000.0	1.5062e-7
275000.0	1.6036e-7
325000.0	1.5836e-7
375000.0	1.5814e-7
425000.0	1.5916e-7
475000.0	1.5918e-7
525000.0	1.5468e-7
575000.0	1.5746e-7
625000.0	1.58e-7
675000.0	1.6044e-7
725000.0	1.5768e-7
775000.0	1.5966e-7
825000.0	1.5798e-7
875000.0	1.579e-7
925000.0	1.6026e-7
975000.0	1.5876e-7
1.025e6	1.5746e-7
1.075e6	1.5538e-7
1.125e6	1.5624e-7
1.175e6	1.5444e-7
1.225e6	1.5536e-7
1.275e6	1.5866e-7
1.325e6	1.5164e-7
1.375e6	1.546e-7
1.425e6	1.545e-7
1.475e6	1.5088e-7
1.525e6	1.4974e-7
1.575e6	1.503e-7
1.625e6	1.5106e-7
1.675e6	1.4846e-7
1.725e6	1.5014e-7
1.775e6	1.4316e-7
1.825e6	1.395e-7
1.875e6	1.4238e-7
1.925e6	1.4142e-7
1.975e6	1.4034e-7
2.025e6	1.3926e-7
2.075e6	1.3674e-7
2.125e6	1.3472e-7
2.175e6	1.3518e-7
2.225e6	1.3312e-7
2.275e6	1.3132e-7
2.325e6	1.312e-7
2.375e6	1.3004e-7
2.425e6	1.2682e-7
2.475e6	1.2552e-7
2.525e6	1.2288e-7
2.575e6	1.2118e-7
2.625e6	1.2024e-7
2.675e6	1.1676e-7
2.725e6	1.1734e-7
2.775e6	1.1378e-7
2.825e6	1.1174e-7
2.875e6	1.1116e-7
2.925e6	1.0864e-7
2.975e6	1.077e-7
3.025e6	1.0652e-7
3.075e6	1.043e-7
3.125e6	1.0394e-7
3.175e6	9.972e-8
3.225e6	9.878e-8
3.275e6	9.536e-8
3.325e6	9.434e-8
3.375e6	9.258e-8
3.425e6	9.184e-8
3.475e6	8.592e-8
3.525e6	8.664e-8
3.575e6	8.536e-8
3.625e6	8.252e-8
3.675e6	8.206e-8
3.725e6	7.918e-8
3.775e6	7.576e-8
3.825e6	7.644e-8
3.875e6	7.4e-8
3.925e6	7.272e-8
3.975e6	7.088e-8
4.025e6	6.746e-8
4.075e6	6.63e-8
4.125e6	6.532e-8
4.175e6	6.448e-8
4.225e6	6.218e-8
4.275e6	6.022e-8
4.325e6	6.004e-8
4.375e6	5.674e-8
4.425e6	5.716e-8
4.475e6	5.388e-8
4.525e6	5.156e-8
4.575e6	4.998e-8
4.625e6	5.064e-8
4.675e6	4.81e-8
4.725e6	4.774e-8
4.775e6	4.314e-8
4.825e6	4.388e-8
4.875e6	4.268e-8
4.925e6	3.96e-8
4.975e6	3.95e-8
5.025e6	3.926e-8
5.075e6	3.796e-8
5.125e6	3.596e-8
5.175e6	3.354e-8
5.225e6	3.356e-8
5.275e6	3.13e-8
5.325e6	2.936e-8
5.375e6	3.016e-8
5.425e6	2.892e-8
5.475e6	2.832e-8
5.525e6	2.828e-8
5.575e6	2.616e-8
5.625e6	2.432e-8
5.675e6	2.46e-8
5.725e6	2.332e-8
5.775e6	2.228e-8
5.825e6	2.118e-8
5.875e6	2.128e-8
5.925e6	1.936e-8
5.975e6	1.982e-8
6.025e6	1.894e-8
6.075e6	1.68e-8
6.125e6	1.838e-8
6.175e6	1.598e-8
6.225e6	1.52e-8
6.275e6	1.5e-8
6.325e6	1.46e-8
6.375e6	1.438e-8
6.425e6	1.388e-8
6.475e6	1.27e-8
6.525e6	1.154e-8
6.575e6	1.144e-8
6.625e6	1.15e-8
6.675e6	1.032e-8
6.725e6	1.028e-8
6.775e6	9.3e-9
6.825e6	9.02e-9
6.875e6	8.88e-9
6.925e6	7.84e-9
6.975e6	8.06e-9
7.025e6	7.54e-9
7.075e6	8.2e-9
7.125e6	7.1e-9
7.175e6	5.74e-9
7.225e6	6.54e-9
7.275e6	6.28e-9
7.325e6	5.58e-9
7.375e6	5.54e-9
7.425e6	5.18e-9
7.475e6	5.64e-9
7.525e6	4.68e-9
7.575e6	4.16e-9
7.625e6	4.0e-9
7.675e6	4.6e-9
7.725e6	3.72e-9
7.775e6	3.28e-9
7.825e6	3.54e-9
7.875e6	3.06e-9
7.925e6	2.94e-9
7.975e6	2.7e-9
8.025e6	2.52e-9
8.075e6	2.42e-9
8.125e6	2.98e-9
8.175e6	2.26e-9
8.225e6	2.26e-9
8.275e6	2.22e-9
8.325e6	2.0e-9
8.375e6	1.74e-9
8.425e6	1.76e-9
8.475e6	1.46e-9
8.525e6	1.44e-9
8.575e6	1.26e-9
8.625e6	1.32e-9
8.675e6	1.62e-9
8.725e6	1.52e-9
8.775e6	1.08e-9
8.825e6	1.08e-9
8.875e6	1.12e-9
8.925e6	8.2e-10
8.975e6	6.8e-10
9.025e6	6.0e-10
9.075e6	8.0e-10
9.125e6	7.6e-10
9.175e6	8.2e-10
9.225e6	8.0e-10
9.275e6	8.0e-10
9.325e6	3.0e-10
9.375e6	5.0e-10
9.425e6	5.6e-10
9.475e6	7.2e-10
9.525e6	5.4e-10
9.575e6	3.6e-10
9.625e6	4.4e-10
9.675e6	4.2e-10
9.725e6	2.8e-10
9.775e6	3.4e-10
9.825e6	2.8e-10
9.875e6	1.8e-10
9.925e6	1.6e-10
9.975e6	3.2e-10
1.0025e7	2.4e-10
1.0075e7	1.8e-10
1.0125e7	3.2e-10
1.0175e7	3.4e-10
1.0225e7	1.0e-10
1.0275e7	1.6e-10
1.0325e7	1.8e-10
1.0375e7	8.0e-11
1.0425e7	2.2e-10
1.0475e7	1.8e-10
1.0525e7	0.0
1.0575e7	1.0e-10
1.0625e7	1.2e-10
1.0675e7	2.0e-11
1.0725e7	8.0e-11
1.0775e7	8.0e-11
1.0825e7	8.0e-11
1.0875e7	8.0e-11
1.0925e7	4.0e-11
1.0975e7	4.0e-11
1.1025e7	0.0
1.1075e7	8.0e-11
1.1125e7	4.0e-11
1.1175e7	6.0e-11
1.1225e7	6.0e-11
1.1275e7	4.0e-11
1.1325e7	2.0e-11
1.1375e7	4.0e-11
1.1425e7	2.0e-11
1.1475e7	2.0e-11
1.1525e7	2.0e-11
1.1575e7	4.0e-11
1.1625e7	4.0e-11
1.1675e7	8.0e-11
1.1725e7	0.0
1.1775e7	0.0
1.1825e7	0.0
1.1875e7	0.0
1.1925e7	4.0e-11
1.1975e7	0.0
1.2025e7	0.0
1.2075e7	2.0e-11
1.2125e7	2.0e-11
1.2175e7	0.0
1.2225e7	0.0
1.2275e7	2.0e-11
1.2325e7	0.0
1.2375e7	0.0
1.2425e7	4.0e-11
1.2475e7	0.0
1.2525e7	0.0
1.2575e7	0.0
1.2625e7	2.0e-11
1.2675e7	0.0
1.2725e7	0.0
1.2775e7	2.0e-11
1.2825e7	0.0
1.2875e7	0.0
1.2925e7	0.0
1.2975e7	0.0
1.3025e7	0.0
1.3075e7	2.0e-11
1.3125e7	0.0
1.3175e7	0.0
1.3225e7	0.0
1.3275e7	0.0
1.3325e7	0.0
1.3375e7	0.0
1.3425e7	0.0
1.3475e7	0.0
1.3525e7	0.0
1.3575e7	0.0
1.3625e7	0.0
1.3675e7	2.0e-11
