x	y
-2.3225e7	2.0e-11
-2.3175e7	0.0
-2.3125e7	2.0e-11
-2.3075e7	0.0
-2.3025e7	2.0e-11
-2.2975e7	0.0
-2.2925e7	0.0
-2.2875e7	2.0e-11
-2.2825e7	0.0
-2.2775e7	0.0
-2.2725e7	0.0
-2.2675e7	0.0
-2.2625e7	0.0
-2.2575e7	0.0
-2.2525e7	0.0
-2.2475e7	0.0
-2.2425e7	0.0
-2.2375e7	0.0
-2.2325e7	0.0
-2.2275e7	2.0e-11
-2.2225e7	0.0
-2.2175e7	0.0
-2.2125e7	0.0
-2.2075e7	0.0
-2.2025e7	0.0
-2.1975e7	0.0
-2.1925e7	2.0e-11
-2.1875e7	0.0
-2.1825e7	4.0e-11
-2.1775e7	0.0
-2.1725e7	0.0
-2.1675e7	2.0e-11
-2.1625e7	4.0e-11
-2.1575e7	4.0e-11
-2.1525e7	0.0
-2.1475e7	0.0
-2.1425e7	0.0
-2.1375e7	0.0
-2.1325e7	0.0
-2.1275e7	0.0
-2.1225e7	2.0e-11
-2.1175e7	0.0
-2.1125e7	0.0
-2.1075e7	0.0
-2.1025e7	2.0e-11
-2.0975e7	2.0e-11
-2.0925e7	0.0
-2.0875e7	0.0
-2.0825e7	2.0e-11
-2.0775e7	0.0
-2.0725e7	4.0e-11
-2.0675e7	0.0
-2.0625e7	4.0e-11
-2.0575e7	2.0e-11
-2.0525e7	0.0
-2.0475e7	2.0e-11
-2.0425e7	0.0
-2.0375e7	2.0e-11
-2.0325e7	0.0
-2.0275e7	2.0e-11
-2.0225e7	2.0e-11
-2.0175e7	0.0
-2.0125e7	6.0e-11
-2.0075e7	2.0e-11
-2.0025e7	0.0
-1.9975e7	2.0e-11
-1.9925e7	0.0
-1.9875e7	4.0e-11
-1.9825e7	4.0e-11
-1.9775e7	4.0e-11
-1.9725e7	6.0e-11
-1.9675e7	2.0e-11
-1.9625e7	2.0e-11
-1.9575e7	4.0e-11
-1.9525e7	0.0
-1.9475e7	2.0e-11
-1.9425e7	0.0
-1.9375e7	4.0e-11
-1.9325e7	0.0
-1.9275e7	4.0e-11
-1.9225e7	2.0e-11
-1.9175e7	6.0e-11
-1.9125e7	6.0e-11
-1.9075e7	1.0e-10
-1.9025e7	4.0e-11
-1.8975e7	6.0e-11
-1.8925e7	6.0e-11
-1.8875e7	6.0e-11
-1.8825e7	4.0e-11
-1.8775e7	4.0e-11
-1.8725e7	6.0e-11
-1.8675e7	8.0e-11
-1.8625e7	8.0e-11
-1.8575e7	6.0e-11
-1.8525e7	6.0e-11
-1.8475e7	6.0e-11
-1.8425e7	8.0e-11
-1.8375e7	1.2e-10
-1.8325e7	1.6e-10
-1.8275e7	1.4e-10
-1.8225e7	1.4e-10
-1.8175e7	6.0e-11
-1.8125e7	1.0e-10
-1.8075e7	1.6e-10
-1.8025e7	1.0e-10
-1.7975e7	1.2e-10
-1.7925e7	6.0e-11
-1.7875e7	4.0e-11
-1.7825e7	2.0e-10
-1.7775e7	1.0e-10
-1.7725e7	2.4e-10
-1.7675e7	8.0e-11
-1.7625e7	1.8e-10
-1.7575e7	1.0e-10
-1.7525e7	1.2e-10
-1.7475e7	1.8e-10
-1.7425e7	1.4e-10
-1.7375e7	1.4e-10
-1.7325e7	1.2e-10
-1.7275e7	2.2e-10
-1.7225e7	1.6e-10
-1.7175e7	1.0e-10
-1.7125e7	1.4e-10
-1.7075e7	2.0e-10
-1.7025e7	2.6e-10
-1.6975e7	1.0e-10
-1.6925e7	3.0e-10
-1.6875e7	1.6e-10
-1.6825e7	3.0e-10
-1.6775e7	2.6e-10
-1.6725e7	4.2e-10
-1.6675e7	2.6e-10
-1.6625e7	1.8e-10
-1.6575e7	3.2e-10
-1.6525e7	3.8e-10
-1.6475e7	3.8e-10
-1.6425e7	2.0e-10
-1.6375e7	3.0e-10
-1.6325e7	3.2e-10
-1.6275e7	4.2e-10
-1.6225e7	4.0e-10
-1.6175e7	2.8e-10
-1.6125e7	5.8e-10
-1.6075e7	3.4e-10
-1.6025e7	3.6e-10
-1.5975e7	3.6e-10
-1.5925e7	6.0e-10
-1.5875e7	4.0e-10
-1.5825e7	6.8e-10
-1.5775e7	5.2e-10
-1.5725e7	7.0e-10
-1.5675e7	5.4e-10
-1.5625e7	6.8e-10
-1.5575e7	7.2e-10
-1.5525e7	6.4e-10
-1.5475e7	5.8e-10
-1.5425e7	6.8e-10
-1.5375e7	8.2e-10
-1.5325e7	7.2e-10
-1.5275e7	6.4e-10
-1.5225e7	7.6e-10
-1.5175e7	5.0e-10
-1.5125e7	8.0e-10
-1.5075e7	8.4e-10
-1.5025e7	1.02e-9
-1.4975e7	7.2e-10
-1.4925e7	1.02e-9
-1.4875e7	1.06e-9
-1.4825e7	9.0e-10
-1.4775e7	9.6e-10
-1.4725e7	1.24e-9
-1.4675e7	8.2e-10
-1.4625e7	1.28e-9
-1.4575e7	8.0e-10
-1.4525e7	1.24e-9
-1.4475e7	1.5e-9
-1.4425e7	9.4e-10
-1.4375e7	1.36e-9
-1.4325e7	1.58e-9
-1.4275e7	1.44e-9
-1.4225e7	1.4e-9
-1.4175e7	1.52e-9
-1.4125e7	1.5e-9
-1.4075e7	1.28e-9
-1.4025e7	1.38e-9
-1.3975e7	1.48e-9
-1.3925e7	1.62e-9
-1.3875e7	1.66e-9
-1.3825e7	1.42e-9
-1.3775e7	1.58e-9
-1.3725e7	1.46e-9
-1.3675e7	1.54e-9
-1.3625e7	1.74e-9
-1.3575e7	2.14e-9
-1.3525e7	1.64e-9
-1.3475e7	1.9e-9
-1.3425e7	1.76e-9
-1.3375e7	1.94e-9
-1.3325e7	2.3e-9
-1.3275e7	1.88e-9
-1.3225e7	2.2e-9
-1.3175e7	2.08e-9
-1.3125e7	2.3e-9
-1.3075e7	2.4e-9
-1.3025e7	2.6e-9
-1.2975e7	2.44e-9
-1.2925e7	2.26e-9
-1.2875e7	2.8e-9
-1.2825e7	2.98e-9
-1.2775e7	2.06e-9
-1.2725e7	3.18e-9
-1.2675e7	2.62e-9
-1.2625e7	2.6e-9
-1.2575e7	3.04e-9
-1.2525e7	3.28e-9
-1.2475e7	3.0e-9
-1.2425e7	3.5e-9
-1.2375e7	3.4e-9
-1.2325e7	4.06e-9
-1.2275e7	3.8e-9
-1.2225e7	3.9e-9
-1.2175e7	3.98e-9
-1.2125e7	4.24e-9
-1.2075e7	3.82e-9
-1.2025e7	3.44e-9
-1.1975e7	4.28e-9
-1.1925e7	4.42e-9
-1.1875e7	4.44e-9
-1.1825e7	4.74e-9
-1.1775e7	4.6e-9
-1.1725e7	4.18e-9
-1.1675e7	4.88e-9
-1.1625e7	4.92e-9
-1.1575e7	5.62e-9
-1.1525e7	4.78e-9
-1.1475e7	5.08e-9
-1.1425e7	4.8e-9
-1.1375e7	5.64e-9
-1.1325e7	5.76e-9
-1.1275e7	5.52e-9
-1.1225e7	6.54e-9
-1.1175e7	6.16e-9
-1.1125e7	5.9e-9
-1.1075e7	5.82e-9
-1.1025e7	6.84e-9
-1.0975e7	6.56e-9
-1.0925e7	7.38e-9
-1.0875e7	6.42e-9
-1.0825e7	6.56e-9
-1.0775e7	7.1e-9
-1.0725e7	7.42e-9
-1.0675e7	7.9e-9
-1.0625e7	8.22e-9
-1.0575e7	7.66e-9
-1.0525e7	7.6e-9
-1.0475e7	8.0e-9
-1.0425e7	7.96e-9
-1.0375e7	8.04e-9
-1.0325e7	8.52e-9
-1.0275e7	9.1e-9
-1.0225e7	8.8e-9
-1.0175e7	9.32e-9
-1.0125e7	1.054e-8
-1.0075e7	9.56e-9
-1.0025e7	9.56e-9
-9.975e6	1.092e-8
-9.925e6	1.028e-8
-9.875e6	1.0e-8
-9.825e6	1.094e-8
-9.775e6	1.066e-8
-9.725e6	1.136e-8
-9.675e6	1.09e-8
-9.625e6	1.234e-8
-9.575e6	1.24e-8
-9.525e6	1.228e-8
-9.475e6	1.328e-8
-9.425e6	1.246e-8
-9.375e6	1.334e-8
-9.325e6	1.264e-8
-9.275e6	1.304e-8
-9.225e6	1.318e-8
-9.175e6	1.418e-8
-9.125e6	1.37e-8
-9.075e6	1.354e-8
-9.025e6	1.4e-8
-8.975e6	1.504e-8
-8.925e6	1.468e-8
-8.875e6	1.526e-8
-8.825e6	1.534e-8
-8.775e6	1.608e-8
-8.725e6	1.632e-8
-8.675e6	1.674e-8
-8.625e6	1.642e-8
-8.575e6	1.756e-8
-8.525e6	1.718e-8
-8.475e6	1.794e-8
-8.425e6	1.782e-8
-8.375e6	1.896e-8
-8.325e6	1.736e-8
-8.275e6	1.87e-8
-8.225e6	1.996e-8
-8.175e6	1.874e-8
-8.125e6	1.96e-8
-8.075e6	2.052e-8
-8.025e6	2.122e-8
-7.975e6	2.09e-8
-7.925e6	2.18e-8
-7.875e6	2.21e-8
-7.825e6	2.242e-8
-7.775e6	2.152e-8
-7.725e6	2.162e-8
-7.675e6	2.356e-8
-7.625e6	2.35e-8
-7.575e6	2.308e-8
-7.525e6	2.53e-8
-7.475e6	2.492e-8
-7.425e6	2.544e-8
-7.375e6	2.49e-8
-7.325e6	2.56e-8
-7.275e6	2.622e-8
-7.225e6	2.674e-8
-7.175e6	2.68e-8
-7.125e6	2.688e-8
-7.075e6	2.822e-8
-7.025e6	2.77e-8
-6.975e6	2.77e-8
-6.925e6	2.89e-8
-6.875e6	3.02e-8
-6.825e6	2.97e-8
-6.775e6	3.04e-8
-6.725e6	3.13e-8
-6.675e6	3.11e-8
-6.625e6	2.968e-8
-6.575e6	3.186e-8
-6.525e6	3.148e-8
-6.475e6	3.222e-8
-6.425e6	3.17e-8
-6.375e6	3.406e-8
-6.325e6	3.346e-8
-6.275e6	3.378e-8
-6.225e6	3.614e-8
-6.175e6	3.598e-8
-6.125e6	3.61e-8
-6.075e6	3.534e-8
-6.025e6	3.71e-8
-5.975e6	3.81e-8
-5.925e6	3.948e-8
-5.875e6	3.748e-8
-5.825e6	3.858e-8
-5.775e6	3.806e-8
-5.725e6	3.99e-8
-5.675e6	4.046e-8
-5.625e6	4.032e-8
-5.575e6	4.076e-8
-5.525e6	4.132e-8
-5.475e6	4.112e-8
-5.425e6	4.092e-8
-5.375e6	4.222e-8
-5.325e6	4.202e-8
-5.275e6	4.086e-8
-5.225e6	4.444e-8
-5.175e6	4.502e-8
-5.125e6	4.298e-8
-5.075e6	4.384e-8
-5.025e6	4.688e-8
-4.975e6	4.612e-8
-4.925e6	4.63e-8
-4.875e6	4.858e-8
-4.825e6	4.568e-8
-4.775e6	5.01e-8
-4.725e6	4.864e-8
-4.675e6	4.894e-8
-4.625e6	5.04e-8
-4.575e6	4.968e-8
-4.525e6	5.01e-8
-4.475e6	5.044e-8
-4.425e6	5.04e-8
-4.375e6	5.162e-8
-4.325e6	5.186e-8
-4.275e6	5.144e-8
-4.225e6	5.262e-8
-4.175e6	5.312e-8
-4.125e6	5.442e-8
-4.075e6	5.638e-8
-4.025e6	5.448e-8
-3.975e6	5.358e-8
-3.925e6	5.604e-8
-3.875e6	5.546e-8
-3.825e6	5.73e-8
-3.775e6	5.572e-8
-3.725e6	5.766e-8
-3.675e6	5.81e-8
-3.625e6	5.98e-8
-3.575e6	5.87e-8
-3.525e6	5.936e-8
-3.475e6	5.954e-8
-3.425e6	6.232e-8
-3.375e6	6.09e-8
-3.325e6	6.142e-8
-3.275e6	6.142e-8
-3.225e6	6.292e-8
-3.175e6	6.288e-8
-3.125e6	6.37e-8
-3.075e6	6.13e-8
-3.025e6	6.264e-8
-2.975e6	6.53e-8
-2.925e6	6.33e-8
-2.875e6	6.478e-8
-2.825e6	6.484e-8
-2.775e6	6.45e-8
-2.725e6	6.656e-8
-2.675e6	6.494e-8
-2.625e6	6.736e-8
-2.575e6	7.016e-8
-2.525e6	6.748e-8
-2.475e6	6.898e-8
-2.425e6	6.748e-8
-2.375e6	6.702e-8
-2.325e6	6.768e-8
-2.275e6	6.882e-8
-2.225e6	6.898e-8
-2.175e6	7.014e-8
-2.125e6	6.978e-8
-2.075e6	7.004e-8
-2.025e6	7.258e-8
-1.975e6	7.036e-8
-1.925e6	6.966e-8
-1.875e6	7.38e-8
-1.825e6	7.154e-8
-1.775e6	7.1e-8
-1.725e6	7.074e-8
-1.675e6	7.364e-8
-1.625e6	7.17e-8
-1.575e6	7.192e-8
-1.525e6	7.24e-8
-1.475e6	7.23e-8
-1.425e6	7.402e-8
-1.375e6	7.258e-8
-1.325e6	7.36e-8
-1.275e6	7.48e-8
-1.225e6	7.854e-8
-1.175e6	7.61e-8
-1.125e6	7.518e-8
-1.075e6	7.7e-8
-1.025e6	7.546e-8
-975000.0	7.458e-8
-925000.0	7.766e-8
-875000.0	7.598e-8
-825000.0	7.44e-8
-775000.0	7.754e-8
-725000.0	7.484e-8
-675000.0	7.812e-8
-625000.0	7.716e-8
-575000.0	7.676e-8
-525000.0	7.574e-8
-475000.0	7.642e-8
-425000.0	7.854e-8
-375000.0	7.92e-8
-325000.0	7.696e-8
-275000.0	7.878e-8
-225000.0	7.824e-8
-175000.0	7.598e-8
-125000.0	7.714e-8
-75000.0	7.526e-8
-25000.0	7.744e-8
25000.0	7.722e-8
75000.0	7.838e-8
125000.0	7.718e-8
175000.0	7.734e-8
225000.0	7.976e-8
275000.0	7.71e-8
325000.0	7.79e-8
375000.0	7.786e-8
425000.0	7.896e-8
475000.0	7.91e-8
525000.0	7.822e-8
575000.0	7.814e-8
625000.0	7.586e-8
675000.0	7.658e-8
725000.0	7.696e-8
775000.0	7.73e-8
825000.0	7.676e-8
875000.0	7.77e-8
925000.0	7.888e-8
975000.0	7.806e-8
1.025e6	7.78e-8
1.075e6	7.742e-8
1.125e6	7.78e-8
1.175e6	7.734e-8
1.225e6	7.756e-8
1.275e6	7.634e-8
1.325e6	7.656e-8
1.375e6	7.796e-8
1.425e6	7.644e-8
1.475e6	7.768e-8
1.525e6	7.528e-8
1.575e6	7.472e-8
1.625e6	7.372e-8
1.675e6	7.626e-8
1.725e6	7.436e-8
1.775e6	7.606e-8
1.825e6	7.342e-8
1.875e6	7.526e-8
1.925e6	7.474e-8
1.975e6	7.392e-8
2.025e6	7.22e-8
2.075e6	7.33e-8
2.125e6	7.18e-8
2.175e6	7.164e-8
2.225e6	7.33e-8
2.275e6	7.346e-8
2.325e6	7.226e-8
2.375e6	7.304e-8
2.425e6	7.34e-8
2.475e6	6.956e-8
2.525e6	7.066e-8
2.575e6	7.094e-8
2.625e6	7.086e-8
2.675e6	6.966e-8
2.725e6	7.088e-8
2.775e6	6.972e-8
2.825e6	6.824e-8
2.875e6	6.684e-8
2.925e6	6.86e-8
2.975e6	6.816e-8
3.025e6	6.732e-8
3.075e6	6.548e-8
3.125e6	6.648e-8
3.175e6	6.614e-8
3.225e6	6.52e-8
3.275e6	6.632e-8
3.325e6	6.736e-8
3.375e6	6.464e-8
3.425e6	6.346e-8
3.475e6	6.554e-8
3.525e6	6.31e-8
3.575e6	6.218e-8
3.625e6	6.24e-8
3.675e6	6.02e-8
3.725e6	6.154e-8
3.775e6	5.976e-8
3.825e6	6.058e-8
3.875e6	6.072e-8
3.925e6	6.168e-8
3.975e6	6.042e-8
4.025e6	5.772e-8
4.075e6	5.958e-8
4.125e6	5.898e-8
4.175e6	5.924e-8
4.225e6	5.686e-8
4.275e6	5.716e-8
4.325e6	5.738e-8
4.375e6	5.878e-8
4.425e6	5.456e-8
4.475e6	5.56e-8
4.525e6	5.464e-8
4.575e6	5.45e-8
4.625e6	5.328e-8
4.675e6	5.378e-8
4.725e6	5.384e-8
4.775e6	5.25e-8
4.825e6	5.15e-8
4.875e6	5.064e-8
4.925e6	5.158e-8
4.975e6	5.024e-8
5.025e6	5.14e-8
5.075e6	5.048e-8
5.125e6	5.024e-8
5.175e6	4.816e-8
5.225e6	4.814e-8
5.275e6	4.846e-8
5.325e6	5.102e-8
5.375e6	4.848e-8
5.425e6	4.694e-8
5.475e6	4.876e-8
5.525e6	4.576e-8
5.575e6	4.744e-8
5.625e6	4.434e-8
5.675e6	4.46e-8
5.725e6	4.484e-8
5.775e6	4.472e-8
5.825e6	4.254e-8
5.875e6	4.282e-8
5.925e6	4.338e-8
5.975e6	4.272e-8
6.025e6	4.102e-8
6.075e6	4.11e-8
6.125e6	4.068e-8
6.175e6	4.018e-8
6.225e6	3.96e-8
6.275e6	3.904e-8
6.325e6	3.938e-8
6.375e6	3.782e-8
6.425e6	3.878e-8
6.475e6	3.864e-8
6.525e6	3.684e-8
6.575e6	3.706e-8
6.625e6	3.5e-8
6.675e6	3.592e-8
6.725e6	3.562e-8
6.775e6	3.462e-8
6.825e6	3.544e-8
6.875e6	3.424e-8
6.925e6	3.44e-8
6.975e6	3.296e-8
7.025e6	3.278e-8
7.075e6	3.14e-8
7.125e6	3.312e-8
7.175e6	3.166e-8
7.225e6	2.948e-8
7.275e6	3.07e-8
7.325e6	3.024e-8
7.375e6	2.994e-8
7.425e6	2.964e-8
7.475e6	2.866e-8
7.525e6	2.99e-8
7.575e6	2.83e-8
7.625e6	2.752e-8
7.675e6	2.53e-8
7.725e6	2.762e-8
7.775e6	2.654e-8
7.825e6	2.71e-8
7.875e6	2.662e-8
7.925e6	2.724e-8
7.975e6	2.588e-8
8.025e6	2.442e-8
8.075e6	2.47e-8
8.125e6	2.388e-8
8.175e6	2.334e-8
8.225e6	2.308e-8
8.275e6	2.454e-8
8.325e6	2.17e-8
8.375e6	2.234e-8
8.425e6	2.238e-8
8.475e6	2.138e-8
8.525e6	2.154e-8
8.575e6	2.04e-8
8.625e6	2.032e-8
8.675e6	2.138e-8
8.725e6	1.964e-8
8.775e6	1.926e-8
8.825e6	1.948e-8
8.875e6	1.888e-8
8.925e6	1.884e-8
8.975e6	1.77e-8
9.025e6	1.776e-8
9.075e6	1.838e-8
9.125e6	1.706e-8
9.175e6	1.67e-8
9.225e6	1.71e-8
9.275e6	1.602e-8
9.325e6	1.652e-8
9.375e6	1.58e-8
9.425e6	1.55e-8
9.475e6	1.612e-8
9.525e6	1.522e-8
9.575e6	1.518e-8
9.625e6	1.522e-8
9.675e6	1.356e-8
9.725e6	1.442e-8
9.775e6	1.384e-8
9.825e6	1.452e-8
9.875e6	1.31e-8
9.925e6	1.396e-8
9.975e6	1.282e-8
1.0025e7	1.24e-8
1.0075e7	1.314e-8
1.0125e7	1.148e-8
1.0175e7	1.168e-8
1.0225e7	1.26e-8
1.0275e7	1.188e-8
1.0325e7	1.184e-8
1.0375e7	1.144e-8
1.0425e7	1.08e-8
1.0475e7	1.088e-8
1.0525e7	1.186e-8
1.0575e7	1.128e-8
1.0625e7	1.03e-8
1.0675e7	1.09e-8
1.0725e7	9.86e-9
1.0775e7	9.5e-9
1.0825e7	9.56e-9
1.0875e7	9.12e-9
1.0925e7	8.5e-9
1.0975e7	8.8e-9
1.1025e7	8.8e-9
1.1075e7	7.78e-9
1.1125e7	8.44e-9
1.1175e7	8.36e-9
1.1225e7	8.08e-9
1.1275e7	8.36e-9
1.1325e7	7.9e-9
1.1375e7	7.78e-9
1.1425e7	7.1e-9
1.1475e7	7.14e-9
1.1525e7	7.6e-9
1.1575e7	7.42e-9
1.1625e7	6.6e-9
1.1675e7	6.28e-9
1.1725e7	6.38e-9
1.1775e7	6.9e-9
1.1825e7	6.48e-9
1.1875e7	5.54e-9
1.1925e7	5.72e-9
1.1975e7	5.54e-9
1.2025e7	5.64e-9
1.2075e7	5.58e-9
1.2125e7	5.5e-9
1.2175e7	5.3e-9
1.2225e7	4.6e-9
1.2275e7	5.22e-9
1.2325e7	4.94e-9
1.2375e7	5.46e-9
1.2425e7	5.12e-9
1.2475e7	5.12e-9
1.2525e7	4.42e-9
1.2575e7	4.0e-9
1.2625e7	4.26e-9
1.2675e7	4.16e-9
1.2725e7	4.4e-9
1.2775e7	4.1e-9
1.2825e7	4.18e-9
1.2875e7	3.14e-9
1.2925e7	4.1e-9
1.2975e7	3.64e-9
1.3025e7	3.64e-9
1.3075e7	3.32e-9
1.3125e7	3.88e-9
1.3175e7	3.76e-9
1.3225e7	3.64e-9
1.3275e7	3.62e-9
1.3325e7	3.02e-9
1.3375e7	2.98e-9
1.3425e7	3.18e-9
1.3475e7	2.86e-9
1.3525e7	2.98e-9
1.3575e7	3.08e-9
1.3625e7	3.18e-9
1.3675e7	2.8e-9
1.3725e7	2.62e-9
1.3775e7	2.62e-9
1.3825e7	2.46e-9
1.3875e7	2.06e-9
1.3925e7	2.12e-9
1.3975e7	2.42e-9
1.4025e7	2.24e-9
1.4075e7	2.08e-9
1.4125e7	2.24e-9
1.4175e7	2.06e-9
1.4225e7	2.1e-9
1.4275e7	1.94e-9
1.4325e7	1.78e-9
1.4375e7	1.84e-9
1.4425e7	1.94e-9
1.4475e7	2.04e-9
1.4525e7	1.96e-9
1.4575e7	1.92e-9
1.4625e7	1.68e-9
1.4675e7	1.68e-9
1.4725e7	1.7e-9
1.4775e7	1.54e-9
1.4825e7	1.44e-9
1.4875e7	1.46e-9
1.4925e7	1.22e-9
1.4975e7	1.4e-9
1.5025e7	1.98e-9
1.5075e7	1.02e-9
1.5125e7	1.3e-9
1.5175e7	1.38e-9
1.5225e7	1.22e-9
1.5275e7	1.22e-9
1.5325e7	1.14e-9
1.5375e7	1.24e-9
1.5425e7	1.18e-9
1.5475e7	1.02e-9
1.5525e7	1.14e-9
1.5575e7	1.24e-9
1.5625e7	1.12e-9
1.5675e7	8.8e-10
1.5725e7	8.8e-10
1.5775e7	1.1e-9
1.5825e7	7.2e-10
1.5875e7	8.2e-10
1.5925e7	7.6e-10
1.5975e7	7.8e-10
1.6025e7	6.4e-10
1.6075e7	7.6e-10
1.6125e7	7.2e-10
1.6175e7	4.6e-10
1.6225e7	8.8e-10
1.6275e7	5.8e-10
1.6325e7	5.4e-10
1.6375e7	6.0e-10
1.6425e7	6.4e-10
1.6475e7	3.6e-10
1.6525e7	7.0e-10
1.6575e7	7.4e-10
1.6625e7	5.4e-10
1.6675e7	6.0e-10
1.6725e7	4.2e-10
1.6775e7	6.0e-10
1.6825e7	5.2e-10
1.6875e7	4.2e-10
1.6925e7	6.2e-10
1.6975e7	5.6e-10
1.7025e7	3.6e-10
1.7075e7	4.6e-10
1.7125e7	4.0e-10
1.7175e7	3.2e-10
1.7225e7	4.4e-10
1.7275e7	4.6e-10
1.7325e7	3.2e-10
1.7375e7	2.2e-10
1.7425e7	1.6e-10
1.7475e7	3.2e-10
1.7525e7	2.2e-10
1.7575e7	3.0e-10
1.7625e7	4.4e-10
1.7675e7	1.8e-10
1.7725e7	3.2e-10
1.7775e7	3.6e-10
1.7825e7	2.4e-10
1.7875e7	1.6e-10
1.7925e7	3.0e-10
1.7975e7	1.4e-10
1.8025e7	2.2e-10
1.8075e7	2.0e-10
1.8125e7	2.4e-10
1.8175e7	2.2e-10
1.8225e7	2.0e-10
1.8275e7	3.0e-10
1.8325e7	2.2e-10
1.8375e7	2.8e-10
1.8425e7	1.2e-10
1.8475e7	1.4e-10
1.8525e7	1.2e-10
1.8575e7	8.0e-11
1.8625e7	4.0e-11
1.8675e7	1.6e-10
1.8725e7	2.0e-11
1.8775e7	1.2e-10
1.8825e7	1.4e-10
1.8875e7	1.6e-10
1.8925e7	1.8e-10
1.8975e7	6.0e-11
1.9025e7	8.0e-11
1.9075e7	1.4e-10
1.9125e7	1.0e-10
1.9175e7	2.2e-10
1.9225e7	2.0e-11
1.9275e7	8.0e-11
1.9325e7	8.0e-11
1.9375e7	6.0e-11
1.9425e7	8.0e-11
1.9475e7	4.0e-11
1.9525e7	1.8e-10
1.9575e7	1.6e-10
1.9625e7	1.0e-10
1.9675e7	1.2e-10
1.9725e7	4.0e-11
1.9775e7	2.0e-11
1.9825e7	8.0e-11
1.9875e7	1.0e-10
1.9925e7	4.0e-11
1.9975e7	1.6e-10
2.0025e7	4.0e-11
2.0075e7	2.0e-11
2.0125e7	4.0e-11
2.0175e7	6.0e-11
2.0225e7	4.0e-11
2.0275e7	4.0e-11
2.0325e7	8.0e-11
2.0375e7	8.0e-11
2.0425e7	4.0e-11
2.0475e7	0.0
2.0525e7	6.0e-11
2.0575e7	4.0e-11
2.0625e7	6.0e-11
2.0675e7	2.0e-11
2.0725e7	2.0e-11
2.0775e7	2.0e-11
2.0825e7	4.0e-11
2.0875e7	4.0e-11
2.0925e7	6.0e-11
2.0975e7	2.0e-11
2.1025e7	8.0e-11
2.1075e7	0.0
2.1125e7	4.0e-11
2.1175e7	4.0e-11
2.1225e7	4.0e-11
2.1275e7	0.0
2.1325e7	0.0
2.1375e7	0.0
2.1425e7	4.0e-11
2.1475e7	4.0e-11
2.1525e7	0.0
2.1575e7	0.0
2.1625e7	0.0
2.1675e7	4.0e-11
2.1725e7	0.0
2.1775e7	4.0e-11
2.1825e7	4.0e-11
2.1875e7	2.0e-11
2.1925e7	0.0
2.1975e7	2.0e-11
2.2025e7	2.0e-11
2.2075e7	2.0e-11
2.2125e7	2.0e-11
2.2175e7	0.0
2.2225e7	0.0
2.2275e7	0.0
2.2325e7	0.0
2.2375e7	0.0
2.2425e7	2.0e-11
2.2475e7	2.0e-11
2.2525e7	0.0
2.2575e7	0.0
2.2625e7	0.0
2.2675e7	0.0
2.2725e7	0.0
2.2775e7	0.0
2.2825e7	0.0
2.2875e7	0.0
2.2925e7	0.0
2.2975e7	0.0
2.3025e7	0.0
2.3075e7	0.0
2.3125e7	0.0
2.3175e7	0.0
2.3225e7	0.0
2.3275e7	0.0
2.3325e7	0.0
2.3375e7	0.0
2.3425e7	0.0
2.3475e7	2.0e-11
2.3525e7	0.0
2.3575e7	0.0
2.3625e7	0.0
2.3675e7	0.0
2.3725e7	0.0
2.3775e7	0.0
2.3825e7	0.0
2.3875e7	0.0
2.3925e7	0.0
2.3975e7	0.0
2.4025e7	0.0
2.4075e7	0.0
2.4125e7	0.0
2.4175e7	0.0
2.4225e7	0.0
2.4275e7	0.0
2.4325e7	0.0
2.4375e7	0.0
2.4425e7	0.0
2.4475e7	0.0
2.4525e7	0.0
2.4575e7	0.0
2.4625e7	0.0
2.4675e7	0.0
2.4725e7	0.0
2.4775e7	0.0
2.4825e7	0.0
2.4875e7	0.0
2.4925e7	0.0
2.4975e7	0.0
2.5025e7	0.0
2.5075e7	0.0
2.5125e7	0.0
2.5175e7	0.0
2.5225e7	0.0
2.5275e7	2.0e-11
