x	y
-2.4775e7	2.0e-11
-2.4725e7	0.0
-2.4675e7	0.0
-2.4625e7	0.0
-2.4575e7	0.0
-2.4525e7	0.0
-2.4475e7	0.0
-2.4425e7	0.0
-2.4375e7	0.0
-2.4325e7	0.0
-2.4275e7	0.0
-2.4225e7	0.0
-2.4175e7	0.0
-2.4125e7	0.0
-2.4075e7	0.0
-2.4025e7	0.0
-2.3975e7	0.0
-2.3925e7	0.0
-2.3875e7	0.0
-2.3825e7	0.0
-2.3775e7	0.0
-2.3725e7	0.0
-2.3675e7	0.0
-2.3625e7	0.0
-2.3575e7	0.0
-2.3525e7	0.0
-2.3475e7	0.0
-2.3425e7	0.0
-2.3375e7	0.0
-2.3325e7	0.0
-2.3275e7	0.0
-2.3225e7	0.0
-2.3175e7	0.0
-2.3125e7	0.0
-2.3075e7	0.0
-2.3025e7	0.0
-2.2975e7	0.0
-2.2925e7	0.0
-2.2875e7	0.0
-2.2825e7	0.0
-2.2775e7	0.0
-2.2725e7	0.0
-2.2675e7	0.0
-2.2625e7	0.0
-2.2575e7	0.0
-2.2525e7	0.0
-2.2475e7	0.0
-2.2425e7	0.0
-2.2375e7	0.0
-2.2325e7	2.0e-11
-2.2275e7	2.0e-11
-2.2225e7	2.0e-11
-2.2175e7	2.0e-11
-2.2125e7	0.0
-2.2075e7	0.0
-2.2025e7	2.0e-11
-2.1975e7	0.0
-2.1925e7	2.0e-11
-2.1875e7	0.0
-2.1825e7	2.0e-11
-2.1775e7	0.0
-2.1725e7	0.0
-2.1675e7	0.0
-2.1625e7	0.0
-2.1575e7	0.0
-2.1525e7	0.0
-2.1475e7	2.0e-11
-2.1425e7	0.0
-2.1375e7	2.0e-11
-2.1325e7	0.0
-2.1275e7	0.0
-2.1225e7	2.0e-11
-2.1175e7	0.0
-2.1125e7	2.0e-11
-2.1075e7	0.0
-2.1025e7	0.0
-2.0975e7	4.0e-11
-2.0925e7	0.0
-2.0875e7	2.0e-11
-2.0825e7	2.0e-11
-2.0775e7	0.0
-2.0725e7	4.0e-11
-2.0675e7	2.0e-11
-2.0625e7	0.0
-2.0575e7	0.0
-2.0525e7	0.0
-2.0475e7	4.0e-11
-2.0425e7	0.0
-2.0375e7	2.0e-11
-2.0325e7	4.0e-11
-2.0275e7	0.0
-2.0225e7	4.0e-11
-2.0175e7	2.0e-11
-2.0125e7	0.0
-2.0075e7	4.0e-11
-2.0025e7	4.0e-11
-1.9975e7	4.0e-11
-1.9925e7	6.0e-11
-1.9875e7	0.0
-1.9825e7	4.0e-11
-1.9775e7	0.0
-1.9725e7	4.0e-11
-1.9675e7	2.0e-11
-1.9625e7	4.0e-11
-1.9575e7	0.0
-1.9525e7	2.0e-11
-1.9475e7	4.0e-11
-1.9425e7	4.0e-11
-1.9375e7	6.0e-11
-1.9325e7	0.0
-1.9275e7	0.0
-1.9225e7	8.0e-11
-1.9175e7	4.0e-11
-1.9125e7	4.0e-11
-1.9075e7	0.0
-1.9025e7	8.0e-11
-1.8975e7	1.2e-10
-1.8925e7	4.0e-11
-1.8875e7	2.0e-11
-1.8825e7	4.0e-11
-1.8775e7	0.0
-1.8725e7	1.0e-10
-1.8675e7	8.0e-11
-1.8625e7	6.0e-11
-1.8575e7	1.8e-10
-1.8525e7	4.0e-11
-1.8475e7	2.0e-11
-1.8425e7	8.0e-11
-1.8375e7	6.0e-11
-1.8325e7	1.4e-10
-1.8275e7	1.0e-10
-1.8225e7	6.0e-11
-1.8175e7	1.2e-10
-1.8125e7	8.0e-11
-1.8075e7	1.2e-10
-1.8025e7	1.0e-10
-1.7975e7	8.0e-11
-1.7925e7	6.0e-11
-1.7875e7	6.0e-11
-1.7825e7	1.0e-10
-1.7775e7	1.2e-10
-1.7725e7	6.0e-11
-1.7675e7	1.2e-10
-1.7625e7	2.0e-11
-1.7575e7	8.0e-11
-1.7525e7	2.2e-10
-1.7475e7	2.6e-10
-1.7425e7	1.6e-10
-1.7375e7	1.2e-10
-1.7325e7	2.0e-10
-1.7275e7	1.6e-10
-1.7225e7	1.2e-10
-1.7175e7	2.0e-10
-1.7125e7	2.6e-10
-1.7075e7	1.4e-10
-1.7025e7	2.0e-10
-1.6975e7	1.8e-10
-1.6925e7	3.2e-10
-1.6875e7	2.0e-10
-1.6825e7	2.4e-10
-1.6775e7	4.2e-10
-1.6725e7	3.4e-10
-1.6675e7	2.8e-10
-1.6625e7	2.2e-10
-1.6575e7	3.4e-10
-1.6525e7	2.6e-10
-1.6475e7	3.2e-10
-1.6425e7	4.0e-10
-1.6375e7	2.4e-10
-1.6325e7	1.6e-10
-1.6275e7	1.8e-10
-1.6225e7	3.4e-10
-1.6175e7	1.8e-10
-1.6125e7	4.0e-10
-1.6075e7	4.4e-10
-1.6025e7	4.4e-10
-1.5975e7	4.8e-10
-1.5925e7	5.6e-10
-1.5875e7	4.2e-10
-1.5825e7	3.8e-10
-1.5775e7	2.6e-10
-1.5725e7	5.6e-10
-1.5675e7	5.4e-10
-1.5625e7	4.2e-10
-1.5575e7	5.4e-10
-1.5525e7	4.6e-10
-1.5475e7	7.6e-10
-1.5425e7	5.6e-10
-1.5375e7	8.8e-10
-1.5325e7	5.6e-10
-1.5275e7	7.2e-10
-1.5225e7	5.6e-10
-1.5175e7	6.4e-10
-1.5125e7	7.8e-10
-1.5075e7	6.8e-10
-1.5025e7	7.6e-10
-1.4975e7	8.4e-10
-1.4925e7	7.6e-10
-1.4875e7	7.6e-10
-1.4825e7	9.8e-10
-1.4775e7	8.6e-10
-1.4725e7	9.8e-10
-1.4675e7	7.6e-10
-1.4625e7	1.22e-9
-1.4575e7	1.2e-9
-1.4525e7	1.0e-9
-1.4475e7	1.06e-9
-1.4425e7	1.04e-9
-1.4375e7	1.16e-9
-1.4325e7	1.22e-9
-1.4275e7	1.26e-9
-1.4225e7	1.18e-9
-1.4175e7	1.4e-9
-1.4125e7	1.5e-9
-1.4075e7	1.14e-9
-1.4025e7	1.44e-9
-1.3975e7	1.18e-9
-1.3925e7	1.22e-9
-1.3875e7	1.44e-9
-1.3825e7	1.72e-9
-1.3775e7	1.78e-9
-1.3725e7	1.64e-9
-1.3675e7	1.52e-9
-1.3625e7	1.88e-9
-1.3575e7	1.6e-9
-1.3525e7	1.8e-9
-1.3475e7	1.68e-9
-1.3425e7	2.24e-9
-1.3375e7	1.94e-9
-1.3325e7	2.28e-9
-1.3275e7	1.88e-9
-1.3225e7	2.12e-9
-1.3175e7	2.56e-9
-1.3125e7	2.26e-9
-1.3075e7	2.44e-9
-1.3025e7	2.48e-9
-1.2975e7	2.54e-9
-1.2925e7	2.46e-9
-1.2875e7	2.5e-9
-1.2825e7	2.64e-9
-1.2775e7	2.46e-9
-1.2725e7	2.66e-9
-1.2675e7	3.16e-9
-1.2625e7	3.08e-9
-1.2575e7	3.0e-9
-1.2525e7	3.02e-9
-1.2475e7	3.2e-9
-1.2425e7	3.34e-9
-1.2375e7	3.32e-9
-1.2325e7	3.22e-9
-1.2275e7	3.56e-9
-1.2225e7	3.4e-9
-1.2175e7	3.64e-9
-1.2125e7	4.0e-9
-1.2075e7	4.3e-9
-1.2025e7	3.96e-9
-1.1975e7	3.76e-9
-1.1925e7	3.82e-9
-1.1875e7	4.52e-9
-1.1825e7	4.68e-9
-1.1775e7	4.74e-9
-1.1725e7	4.26e-9
-1.1675e7	4.94e-9
-1.1625e7	4.9e-9
-1.1575e7	5.14e-9
-1.1525e7	5.08e-9
-1.1475e7	4.66e-9
-1.1425e7	5.4e-9
-1.1375e7	5.66e-9
-1.1325e7	5.28e-9
-1.1275e7	5.32e-9
-1.1225e7	5.98e-9
-1.1175e7	6.52e-9
-1.1125e7	5.8e-9
-1.1075e7	6.62e-9
-1.1025e7	5.98e-9
-1.0975e7	6.2e-9
-1.0925e7	6.46e-9
-1.0875e7	6.96e-9
-1.0825e7	7.26e-9
-1.0775e7	6.78e-9
-1.0725e7	7.24e-9
-1.0675e7	8.0e-9
-1.0625e7	7.44e-9
-1.0575e7	7.72e-9
-1.0525e7	7.52e-9
-1.0475e7	8.76e-9
-1.0425e7	7.86e-9
-1.0375e7	8.58e-9
-1.0325e7	8.3e-9
-1.0275e7	8.72e-9
-1.0225e7	9.48e-9
-1.0175e7	9.44e-9
-1.0125e7	9.36e-9
-1.0075e7	1.03e-8
-1.0025e7	1.014e-8
-9.975e6	1.098e-8
-9.925e6	1.074e-8
-9.875e6	1.07e-8
-9.825e6	1.054e-8
-9.775e6	1.094e-8
-9.725e6	1.07e-8
-9.675e6	1.08e-8
-9.625e6	1.05e-8
-9.575e6	1.102e-8
-9.525e6	1.204e-8
-9.475e6	1.188e-8
-9.425e6	1.174e-8
-9.375e6	1.374e-8
-9.325e6	1.254e-8
-9.275e6	1.284e-8
-9.225e6	1.304e-8
-9.175e6	1.304e-8
-9.125e6	1.446e-8
-9.075e6	1.442e-8
-9.025e6	1.436e-8
-8.975e6	1.41e-8
-8.925e6	1.504e-8
-8.875e6	1.44e-8
-8.825e6	1.604e-8
-8.775e6	1.506e-8
-8.725e6	1.668e-8
-8.675e6	1.538e-8
-8.625e6	1.666e-8
-8.575e6	1.66e-8
-8.525e6	1.7e-8
-8.475e6	1.714e-8
-8.425e6	1.728e-8
-8.375e6	1.798e-8
-8.325e6	1.816e-8
-8.275e6	1.97e-8
-8.225e6	1.868e-8
-8.175e6	1.93e-8
-8.125e6	2.022e-8
-8.075e6	2.008e-8
-8.025e6	2.16e-8
-7.975e6	2.062e-8
-7.925e6	2.234e-8
-7.875e6	2.134e-8
-7.825e6	2.092e-8
-7.775e6	2.148e-8
-7.725e6	2.244e-8
-7.675e6	2.204e-8
-7.625e6	2.212e-8
-7.575e6	2.322e-8
-7.525e6	2.498e-8
-7.475e6	2.388e-8
-7.425e6	2.432e-8
-7.375e6	2.464e-8
-7.325e6	2.49e-8
-7.275e6	2.586e-8
-7.225e6	2.604e-8
-7.175e6	2.712e-8
-7.125e6	2.778e-8
-7.075e6	2.706e-8
-7.025e6	2.818e-8
-6.975e6	2.676e-8
-6.925e6	2.776e-8
-6.875e6	2.902e-8
-6.825e6	2.868e-8
-6.775e6	2.87e-8
-6.725e6	3.004e-8
-6.675e6	3.17e-8
-6.625e6	3.152e-8
-6.575e6	3.132e-8
-6.525e6	3.156e-8
-6.475e6	3.174e-8
-6.425e6	3.314e-8
-6.375e6	3.136e-8
-6.325e6	3.43e-8
-6.275e6	3.24e-8
-6.225e6	3.424e-8
-6.175e6	3.568e-8
-6.125e6	3.428e-8
-6.075e6	3.758e-8
-6.025e6	3.59e-8
-5.975e6	3.686e-8
-5.925e6	3.596e-8
-5.875e6	3.722e-8
-5.825e6	3.694e-8
-5.775e6	3.788e-8
-5.725e6	3.894e-8
-5.675e6	3.8e-8
-5.625e6	4.008e-8
-5.575e6	4.046e-8
-5.525e6	4.142e-8
-5.475e6	4.09e-8
-5.425e6	4.02e-8
-5.375e6	4.14e-8
-5.325e6	4.204e-8
-5.275e6	4.366e-8
-5.225e6	4.39e-8
-5.175e6	4.346e-8
-5.125e6	4.618e-8
-5.075e6	4.548e-8
-5.025e6	4.454e-8
-4.975e6	4.57e-8
-4.925e6	4.58e-8
-4.875e6	4.564e-8
-4.825e6	4.358e-8
-4.775e6	4.936e-8
-4.725e6	5.006e-8
-4.675e6	4.932e-8
-4.625e6	4.834e-8
-4.575e6	5.034e-8
-4.525e6	5.074e-8
-4.475e6	4.986e-8
-4.425e6	5.06e-8
-4.375e6	5.062e-8
-4.325e6	5.042e-8
-4.275e6	5.2e-8
-4.225e6	5.144e-8
-4.175e6	5.288e-8
-4.125e6	5.466e-8
-4.075e6	5.702e-8
-4.025e6	5.486e-8
-3.975e6	5.5e-8
-3.925e6	5.378e-8
-3.875e6	5.772e-8
-3.825e6	5.622e-8
-3.775e6	5.67e-8
-3.725e6	5.654e-8
-3.675e6	5.874e-8
-3.625e6	5.784e-8
-3.575e6	5.756e-8
-3.525e6	5.75e-8
-3.475e6	6.078e-8
-3.425e6	6.078e-8
-3.375e6	6.114e-8
-3.325e6	6.044e-8
-3.275e6	5.924e-8
-3.225e6	6.276e-8
-3.175e6	6.456e-8
-3.125e6	6.316e-8
-3.075e6	6.196e-8
-3.025e6	6.278e-8
-2.975e6	6.498e-8
-2.925e6	6.6e-8
-2.875e6	6.744e-8
-2.825e6	6.7e-8
-2.775e6	6.776e-8
-2.725e6	6.712e-8
-2.675e6	6.538e-8
-2.625e6	6.646e-8
-2.575e6	6.624e-8
-2.525e6	6.896e-8
-2.475e6	6.768e-8
-2.425e6	6.718e-8
-2.375e6	6.952e-8
-2.325e6	6.888e-8
-2.275e6	6.8e-8
-2.225e6	7.126e-8
-2.175e6	6.84e-8
-2.125e6	7.038e-8
-2.075e6	7.162e-8
-2.025e6	7.032e-8
-1.975e6	7.218e-8
-1.925e6	7.01e-8
-1.875e6	7.252e-8
-1.825e6	7.36e-8
-1.775e6	7.184e-8
-1.725e6	7.136e-8
-1.675e6	7.24e-8
-1.625e6	7.346e-8
-1.575e6	7.546e-8
-1.525e6	7.442e-8
-1.475e6	7.064e-8
-1.425e6	7.41e-8
-1.375e6	7.48e-8
-1.325e6	7.482e-8
-1.275e6	7.442e-8
-1.225e6	7.682e-8
-1.175e6	7.486e-8
-1.125e6	7.368e-8
-1.075e6	7.53e-8
-1.025e6	7.41e-8
-975000.0	7.742e-8
-925000.0	7.506e-8
-875000.0	7.562e-8
-825000.0	7.766e-8
-775000.0	7.544e-8
-725000.0	7.718e-8
-675000.0	7.722e-8
-625000.0	7.798e-8
-575000.0	7.652e-8
-525000.0	7.776e-8
-475000.0	7.92e-8
-425000.0	7.61e-8
-375000.0	7.822e-8
-325000.0	7.946e-8
-275000.0	7.744e-8
-225000.0	7.694e-8
-175000.0	7.65e-8
-125000.0	7.818e-8
-75000.0	7.712e-8
-25000.0	8.006e-8
25000.0	7.934e-8
75000.0	7.802e-8
125000.0	7.798e-8
175000.0	7.566e-8
225000.0	7.892e-8
275000.0	7.9e-8
325000.0	7.754e-8
375000.0	7.974e-8
425000.0	8.002e-8
475000.0	8.156e-8
525000.0	7.608e-8
575000.0	7.746e-8
625000.0	7.782e-8
675000.0	7.836e-8
725000.0	7.652e-8
775000.0	7.794e-8
825000.0	7.774e-8
875000.0	7.55e-8
925000.0	7.81e-8
975000.0	7.88e-8
1.025e6	7.762e-8
1.075e6	7.914e-8
1.125e6	7.564e-8
1.175e6	7.95e-8
1.225e6	7.678e-8
1.275e6	7.722e-8
1.325e6	7.81e-8
1.375e6	7.79e-8
1.425e6	7.64e-8
1.475e6	7.836e-8
1.525e6	7.77e-8
1.575e6	7.678e-8
1.625e6	7.264e-8
1.675e6	7.352e-8
1.725e6	7.468e-8
1.775e6	7.336e-8
1.825e6	7.434e-8
1.875e6	7.456e-8
1.925e6	7.748e-8
1.975e6	7.37e-8
2.025e6	7.534e-8
2.075e6	7.384e-8
2.125e6	7.386e-8
2.175e6	7.34e-8
2.225e6	7.392e-8
2.275e6	7.37e-8
2.325e6	7.134e-8
2.375e6	7.082e-8
2.425e6	7.11e-8
2.475e6	7.206e-8
2.525e6	7.174e-8
2.575e6	7.028e-8
2.625e6	6.926e-8
2.675e6	6.96e-8
2.725e6	7.062e-8
2.775e6	6.846e-8
2.825e6	6.708e-8
2.875e6	6.978e-8
2.925e6	7.008e-8
2.975e6	6.818e-8
3.025e6	6.552e-8
3.075e6	6.68e-8
3.125e6	6.542e-8
3.175e6	6.738e-8
3.225e6	6.604e-8
3.275e6	6.578e-8
3.325e6	6.588e-8
3.375e6	6.59e-8
3.425e6	6.312e-8
3.475e6	6.54e-8
3.525e6	6.382e-8
3.575e6	6.124e-8
3.625e6	6.3e-8
3.675e6	6.078e-8
3.725e6	6.22e-8
3.775e6	6.36e-8
3.825e6	6.106e-8
3.875e6	6.278e-8
3.925e6	5.866e-8
3.975e6	5.966e-8
4.025e6	5.898e-8
4.075e6	5.776e-8
4.125e6	5.976e-8
4.175e6	5.98e-8
4.225e6	5.89e-8
4.275e6	5.578e-8
4.325e6	5.646e-8
4.375e6	5.714e-8
4.425e6	5.542e-8
4.475e6	5.444e-8
4.525e6	5.59e-8
4.575e6	5.312e-8
4.625e6	5.524e-8
4.675e6	5.434e-8
4.725e6	5.266e-8
4.775e6	5.222e-8
4.825e6	5.39e-8
4.875e6	5.174e-8
4.925e6	5.188e-8
4.975e6	5.124e-8
5.025e6	5.284e-8
5.075e6	5.008e-8
5.125e6	4.892e-8
5.175e6	5.122e-8
5.225e6	4.894e-8
5.275e6	5.008e-8
5.325e6	4.92e-8
5.375e6	4.712e-8
5.425e6	4.518e-8
5.475e6	4.586e-8
5.525e6	4.628e-8
5.575e6	4.498e-8
5.625e6	4.454e-8
5.675e6	4.398e-8
5.725e6	4.51e-8
5.775e6	4.396e-8
5.825e6	4.342e-8
5.875e6	4.48e-8
5.925e6	4.116e-8
5.975e6	4.096e-8
6.025e6	4.072e-8
6.075e6	3.902e-8
6.125e6	4.09e-8
6.175e6	3.976e-8
6.225e6	4.0e-8
6.275e6	4.018e-8
6.325e6	3.84e-8
6.375e6	3.99e-8
6.425e6	3.724e-8
6.475e6	3.804e-8
6.525e6	3.738e-8
6.575e6	3.666e-8
6.625e6	3.688e-8
6.675e6	3.61e-8
6.725e6	3.55e-8
6.775e6	3.462e-8
6.825e6	3.466e-8
6.875e6	3.45e-8
6.925e6	3.284e-8
6.975e6	3.432e-8
7.025e6	3.146e-8
7.075e6	3.236e-8
7.125e6	3.054e-8
7.175e6	3.232e-8
7.225e6	3.132e-8
7.275e6	3.098e-8
7.325e6	3.054e-8
7.375e6	2.998e-8
7.425e6	3.036e-8
7.475e6	2.824e-8
7.525e6	2.816e-8
7.575e6	2.778e-8
7.625e6	2.928e-8
7.675e6	2.868e-8
7.725e6	2.748e-8
7.775e6	2.598e-8
7.825e6	2.782e-8
7.875e6	2.622e-8
7.925e6	2.566e-8
7.975e6	2.524e-8
8.025e6	2.64e-8
8.075e6	2.472e-8
8.125e6	2.422e-8
8.175e6	2.398e-8
8.225e6	2.25e-8
8.275e6	2.332e-8
8.325e6	2.272e-8
8.375e6	2.446e-8
8.425e6	2.2e-8
8.475e6	2.216e-8
8.525e6	2.206e-8
8.575e6	2.072e-8
8.625e6	2.0e-8
8.675e6	2.098e-8
8.725e6	2.152e-8
8.775e6	2.05e-8
8.825e6	2.032e-8
8.875e6	1.978e-8
8.925e6	1.89e-8
8.975e6	1.858e-8
9.025e6	1.794e-8
9.075e6	1.86e-8
9.125e6	1.782e-8
9.175e6	1.664e-8
9.225e6	1.752e-8
9.275e6	1.788e-8
9.325e6	1.616e-8
9.375e6	1.608e-8
9.425e6	1.528e-8
9.475e6	1.482e-8
9.525e6	1.506e-8
9.575e6	1.622e-8
9.625e6	1.44e-8
9.675e6	1.508e-8
9.725e6	1.48e-8
9.775e6	1.46e-8
9.825e6	1.416e-8
9.875e6	1.308e-8
9.925e6	1.394e-8
9.975e6	1.286e-8
1.0025e7	1.222e-8
1.0075e7	1.312e-8
1.0125e7	1.182e-8
1.0175e7	1.252e-8
1.0225e7	1.178e-8
1.0275e7	1.15e-8
1.0325e7	1.182e-8
1.0375e7	1.132e-8
1.0425e7	1.044e-8
1.0475e7	1.122e-8
1.0525e7	1.064e-8
1.0575e7	1.088e-8
1.0625e7	1.042e-8
1.0675e7	1.056e-8
1.0725e7	1.014e-8
1.0775e7	9.68e-9
1.0825e7	9.84e-9
1.0875e7	9.22e-9
1.0925e7	8.96e-9
1.0975e7	9.74e-9
1.1025e7	8.72e-9
1.1075e7	8.88e-9
1.1125e7	8.14e-9
1.1175e7	8.56e-9
1.1225e7	7.8e-9
1.1275e7	8.18e-9
1.1325e7	7.14e-9
1.1375e7	7.58e-9
1.1425e7	7.36e-9
1.1475e7	7.38e-9
1.1525e7	6.92e-9
1.1575e7	7.14e-9
1.1625e7	6.96e-9
1.1675e7	6.72e-9
1.1725e7	6.58e-9
1.1775e7	6.2e-9
1.1825e7	6.3e-9
1.1875e7	6.72e-9
1.1925e7	6.28e-9
1.1975e7	5.86e-9
1.2025e7	5.78e-9
1.2075e7	5.72e-9
1.2125e7	5.68e-9
1.2175e7	6.16e-9
1.2225e7	4.96e-9
1.2275e7	4.76e-9
1.2325e7	5.36e-9
1.2375e7	5.38e-9
1.2425e7	5.18e-9
1.2475e7	4.6e-9
1.2525e7	4.92e-9
1.2575e7	4.42e-9
1.2625e7	4.72e-9
1.2675e7	4.06e-9
1.2725e7	4.18e-9
1.2775e7	3.8e-9
1.2825e7	3.92e-9
1.2875e7	3.84e-9
1.2925e7	3.66e-9
1.2975e7	3.42e-9
1.3025e7	3.48e-9
1.3075e7	3.48e-9
1.3125e7	3.46e-9
1.3175e7	3.18e-9
1.3225e7	3.12e-9
1.3275e7	3.6e-9
1.3325e7	3.32e-9
1.3375e7	2.88e-9
1.3425e7	2.82e-9
1.3475e7	2.76e-9
1.3525e7	2.8e-9
1.3575e7	2.64e-9
1.3625e7	2.4e-9
1.3675e7	2.62e-9
1.3725e7	2.48e-9
1.3775e7	2.48e-9
1.3825e7	2.52e-9
1.3875e7	2.48e-9
1.3925e7	2.42e-9
1.3975e7	2.26e-9
1.4025e7	2.1e-9
1.4075e7	2.3e-9
1.4125e7	2.38e-9
1.4175e7	2.3e-9
1.4225e7	2.46e-9
1.4275e7	2.14e-9
1.4325e7	1.9e-9
1.4375e7	1.88e-9
1.4425e7	1.94e-9
1.4475e7	1.68e-9
1.4525e7	1.98e-9
1.4575e7	1.62e-9
1.4625e7	1.54e-9
1.4675e7	2.22e-9
1.4725e7	1.64e-9
1.4775e7	1.88e-9
1.4825e7	1.54e-9
1.4875e7	1.28e-9
1.4925e7	1.16e-9
1.4975e7	1.14e-9
1.5025e7	1.42e-9
1.5075e7	1.32e-9
1.5125e7	1.18e-9
1.5175e7	1.3e-9
1.5225e7	1.24e-9
1.5275e7	9.0e-10
1.5325e7	1.26e-9
1.5375e7	1.12e-9
1.5425e7	8.6e-10
1.5475e7	1.16e-9
1.5525e7	1.18e-9
1.5575e7	9.8e-10
1.5625e7	6.8e-10
1.5675e7	8.8e-10
1.5725e7	9.6e-10
1.5775e7	6.0e-10
1.5825e7	9.6e-10
1.5875e7	7.6e-10
1.5925e7	7.4e-10
1.5975e7	6.4e-10
1.6025e7	8.6e-10
1.6075e7	7.8e-10
1.6125e7	4.8e-10
1.6175e7	7.0e-10
1.6225e7	8.0e-10
1.6275e7	6.0e-10
1.6325e7	6.8e-10
1.6375e7	6.6e-10
1.6425e7	6.0e-10
1.6475e7	7.0e-10
1.6525e7	6.6e-10
1.6575e7	6.2e-10
1.6625e7	3.8e-10
1.6675e7	5.6e-10
1.6725e7	6.0e-10
1.6775e7	4.8e-10
1.6825e7	4.2e-10
1.6875e7	3.4e-10
1.6925e7	4.6e-10
1.6975e7	3.0e-10
1.7025e7	5.8e-10
1.7075e7	5.0e-10
1.7125e7	2.8e-10
1.7175e7	3.6e-10
1.7225e7	3.4e-10
1.7275e7	4.2e-10
1.7325e7	3.0e-10
1.7375e7	3.4e-10
1.7425e7	4.4e-10
1.7475e7	3.6e-10
1.7525e7	3.2e-10
1.7575e7	2.6e-10
1.7625e7	3.6e-10
1.7675e7	2.4e-10
1.7725e7	3.2e-10
1.7775e7	3.6e-10
1.7825e7	1.4e-10
1.7875e7	2.4e-10
1.7925e7	1.4e-10
1.7975e7	2.0e-10
1.8025e7	2.4e-10
1.8075e7	3.6e-10
1.8125e7	1.8e-10
1.8175e7	1.8e-10
1.8225e7	1.8e-10
1.8275e7	2.8e-10
1.8325e7	1.6e-10
1.8375e7	2.0e-10
1.8425e7	2.4e-10
1.8475e7	1.6e-10
1.8525e7	1.8e-10
1.8575e7	8.0e-11
1.8625e7	1.8e-10
1.8675e7	1.6e-10
1.8725e7	1.4e-10
1.8775e7	1.2e-10
1.8825e7	1.4e-10
1.8875e7	1.2e-10
1.8925e7	2.0e-10
1.8975e7	1.6e-10
1.9025e7	6.0e-11
1.9075e7	8.0e-11
1.9125e7	6.0e-11
1.9175e7	8.0e-11
1.9225e7	8.0e-11
1.9275e7	8.0e-11
1.9325e7	4.0e-11
1.9375e7	8.0e-11
1.9425e7	8.0e-11
1.9475e7	1.0e-10
1.9525e7	2.0e-11
1.9575e7	1.4e-10
1.9625e7	1.0e-10
1.9675e7	8.0e-11
1.9725e7	6.0e-11
1.9775e7	8.0e-11
1.9825e7	2.0e-11
1.9875e7	4.0e-11
1.9925e7	2.0e-11
1.9975e7	8.0e-11
2.0025e7	4.0e-11
2.0075e7	4.0e-11
2.0125e7	2.0e-11
2.0175e7	6.0e-11
2.0225e7	8.0e-11
2.0275e7	2.0e-11
2.0325e7	8.0e-11
2.0375e7	6.0e-11
2.0425e7	2.0e-11
2.0475e7	4.0e-11
2.0525e7	4.0e-11
2.0575e7	2.0e-11
2.0625e7	0.0
2.0675e7	6.0e-11
2.0725e7	0.0
2.0775e7	6.0e-11
2.0825e7	4.0e-11
2.0875e7	2.0e-11
2.0925e7	2.0e-11
2.0975e7	2.0e-11
2.1025e7	4.0e-11
2.1075e7	1.0e-10
2.1125e7	6.0e-11
2.1175e7	2.0e-11
2.1225e7	2.0e-11
2.1275e7	6.0e-11
2.1325e7	0.0
2.1375e7	0.0
2.1425e7	0.0
2.1475e7	2.0e-11
2.1525e7	2.0e-11
2.1575e7	4.0e-11
2.1625e7	2.0e-11
2.1675e7	2.0e-11
2.1725e7	0.0
2.1775e7	0.0
2.1825e7	2.0e-11
2.1875e7	0.0
2.1925e7	2.0e-11
2.1975e7	0.0
2.2025e7	2.0e-11
2.2075e7	0.0
2.2125e7	0.0
2.2175e7	2.0e-11
2.2225e7	0.0
2.2275e7	0.0
2.2325e7	0.0
2.2375e7	0.0
2.2425e7	2.0e-11
2.2475e7	0.0
2.2525e7	0.0
2.2575e7	2.0e-11
2.2625e7	0.0
2.2675e7	0.0
2.2725e7	0.0
2.2775e7	0.0
2.2825e7	0.0
2.2875e7	0.0
2.2925e7	0.0
2.2975e7	2.0e-11
2.3025e7	0.0
2.3075e7	0.0
2.3125e7	0.0
2.3175e7	2.0e-11
2.3225e7	0.0
2.3275e7	0.0
2.3325e7	4.0e-11
2.3375e7	0.0
2.3425e7	0.0
2.3475e7	0.0
2.3525e7	0.0
2.3575e7	0.0
2.3625e7	2.0e-11
2.3675e7	0.0
2.3725e7	0.0
2.3775e7	0.0
2.3825e7	0.0
2.3875e7	0.0
2.3925e7	0.0
2.3975e7	0.0
2.4025e7	0.0
2.4075e7	0.0
2.4125e7	0.0
2.4175e7	0.0
2.4225e7	0.0
2.4275e7	2.0e-11
2.4325e7	0.0
2.4375e7	2.0e-11
2.4425e7	0.0
2.4475e7	0.0
2.4525e7	0.0
2.4575e7	0.0
2.4625e7	0.0
2.4675e7	0.0
2.4725e7	0.0
2.4775e7	0.0
2.4825e7	0.0
2.4875e7	0.0
2.4925e7	2.0e-11
