x	y
-225000.0	2.0e-12
-175000.0	0.0
-125000.0	0.0
-75000.0	0.0
-25000.0	0.0
25000.0	0.0
75000.0	0.0
125000.0	0.0
175000.0	0.0
225000.0	0.0
275000.0	0.0
325000.0	0.0
375000.0	0.0
425000.0	0.0
475000.0	0.0
525000.0	2.0e-12
575000.0	0.0
625000.0	2.0e-12
675000.0	0.0
725000.0	0.0
775000.0	0.0
825000.0	0.0
875000.0	4.0e-12
925000.0	0.0
975000.0	0.0
1.025e6	0.0
1.075e6	0.0
1.125e6	0.0
1.175e6	0.0
1.225e6	0.0
1.275e6	0.0
1.325e6	0.0
1.375e6	0.0
1.425e6	0.0
1.475e6	0.0
1.525e6	0.0
1.575e6	0.0
1.625e6	0.0
1.675e6	2.0e-12
1.725e6	0.0
1.775e6	0.0
1.825e6	0.0
1.875e6	4.0e-12
1.925e6	0.0
1.975e6	4.0e-12
2.025e6	2.0e-12
2.075e6	2.0e-12
2.125e6	6.0e-12
2.175e6	2.0e-12
2.225e6	6.0e-12
2.275e6	0.0
2.325e6	4.0e-12
2.375e6	8.0e-12
2.425e6	4.0e-12
2.475e6	2.0e-12
2.525e6	2.0e-12
2.575e6	2.0e-12
2.625e6	2.0e-12
2.675e6	0.0
2.725e6	6.0e-12
2.775e6	2.0e-12
2.825e6	0.0
2.875e6	4.0e-12
2.925e6	6.0e-12
2.975e6	2.0e-12
3.025e6	2.0e-12
3.075e6	0.0
3.125e6	6.0e-12
3.175e6	6.0e-12
3.225e6	6.0e-12
3.275e6	2.0e-12
3.325e6	1.0e-11
3.375e6	1.0e-11
3.425e6	4.0e-12
3.475e6	1.0e-11
3.525e6	4.0e-12
3.575e6	2.0e-12
3.625e6	8.0e-12
3.675e6	8.0e-12
3.725e6	8.0e-12
3.775e6	1.2e-11
3.825e6	6.0e-12
3.875e6	1.6e-11
3.925e6	4.0e-12
3.975e6	6.0e-12
4.025e6	1.6e-11
4.075e6	1.8e-11
4.125e6	1.8e-11
4.175e6	1.2e-11
4.225e6	4.0e-12
4.275e6	6.0e-12
4.325e6	1.2e-11
4.375e6	1.4e-11
4.425e6	1.0e-11
4.475e6	3.2e-11
4.525e6	1.6e-11
4.575e6	2.0e-11
4.625e6	1.0e-11
4.675e6	1.2e-11
4.725e6	8.0e-12
4.775e6	1.6e-11
4.825e6	2.0e-11
4.875e6	2.0e-11
4.925e6	1.2e-11
4.975e6	1.4e-11
5.025e6	1.4e-11
5.075e6	2.4e-11
5.125e6	2.0e-11
5.175e6	3.2e-11
5.225e6	2.4e-11
5.275e6	3.0e-11
5.325e6	4.0e-11
5.375e6	3.2e-11
5.425e6	3.2e-11
5.475e6	1.6e-11
5.525e6	1.2e-11
5.575e6	2.6e-11
5.625e6	2.2e-11
5.675e6	3.6e-11
5.725e6	3.6e-11
5.775e6	4.0e-11
5.825e6	2.6e-11
5.875e6	5.6e-11
5.925e6	4.0e-11
5.975e6	4.0e-11
6.025e6	4.8e-11
6.075e6	2.8e-11
6.125e6	6.4e-11
6.175e6	4.4e-11
6.225e6	7.0e-11
6.275e6	3.8e-11
6.325e6	5.8e-11
6.375e6	7.2e-11
6.425e6	5.6e-11
6.475e6	6.0e-11
6.525e6	8.2e-11
6.575e6	8.2e-11
6.625e6	6.8e-11
6.675e6	8.8e-11
6.725e6	8.0e-11
6.775e6	7.6e-11
6.825e6	7.6e-11
6.875e6	1.06e-10
6.925e6	9.6e-11
6.975e6	1.04e-10
7.025e6	1.0e-10
7.075e6	9.8e-11
7.125e6	9.8e-11
7.175e6	1.14e-10
7.225e6	1.26e-10
7.275e6	1.14e-10
7.325e6	1.18e-10
7.375e6	1.08e-10
7.425e6	1.32e-10
7.475e6	1.3e-10
7.525e6	1.44e-10
7.575e6	1.62e-10
7.625e6	1.54e-10
7.675e6	1.62e-10
7.725e6	1.72e-10
7.775e6	1.72e-10
7.825e6	1.9e-10
7.875e6	1.88e-10
7.925e6	1.5e-10
7.975e6	1.92e-10
8.025e6	2.2e-10
8.075e6	1.98e-10
8.125e6	2.1e-10
8.175e6	2.26e-10
8.225e6	2.04e-10
8.275e6	2.4e-10
8.325e6	2.64e-10
8.375e6	2.68e-10
8.425e6	2.54e-10
8.475e6	2.78e-10
8.525e6	3.08e-10
8.575e6	2.64e-10
8.625e6	2.94e-10
8.675e6	2.6e-10
8.725e6	2.94e-10
8.775e6	3.14e-10
8.825e6	3.36e-10
8.875e6	3.64e-10
8.925e6	4.18e-10
8.975e6	4.04e-10
9.025e6	3.32e-10
9.075e6	3.9e-10
9.125e6	4.18e-10
9.175e6	4.66e-10
9.225e6	4.28e-10
9.275e6	4.9e-10
9.325e6	4.84e-10
9.375e6	4.9e-10
9.425e6	5.74e-10
9.475e6	5.26e-10
9.525e6	5.22e-10
9.575e6	5.72e-10
9.625e6	4.68e-10
9.675e6	6.16e-10
9.725e6	5.88e-10
9.775e6	6.34e-10
9.825e6	6.72e-10
9.875e6	6.74e-10
9.925e6	6.74e-10
9.975e6	7.06e-10
1.0025e7	7.2e-10
1.0075e7	7.32e-10
1.0125e7	7.9e-10
1.0175e7	8.42e-10
1.0225e7	8.58e-10
1.0275e7	8.86e-10
1.0325e7	8.6e-10
1.0375e7	9.04e-10
1.0425e7	1.02e-9
1.0475e7	9.46e-10
1.0525e7	9.98e-10
1.0575e7	1.074e-9
1.0625e7	9.42e-10
1.0675e7	1.148e-9
1.0725e7	1.096e-9
1.0775e7	1.13e-9
1.0825e7	1.246e-9
1.0875e7	1.19e-9
1.0925e7	1.24e-9
1.0975e7	1.348e-9
1.1025e7	1.318e-9
1.1075e7	1.37e-9
1.1125e7	1.406e-9
1.1175e7	1.51e-9
1.1225e7	1.484e-9
1.1275e7	1.562e-9
1.1325e7	1.63e-9
1.1375e7	1.646e-9
1.1425e7	1.65e-9
1.1475e7	1.602e-9
1.1525e7	1.82e-9
1.1575e7	1.804e-9
1.1625e7	1.908e-9
1.1675e7	1.98e-9
1.1725e7	1.958e-9
1.1775e7	1.982e-9
1.1825e7	2.068e-9
1.1875e7	2.202e-9
1.1925e7	2.148e-9
1.1975e7	2.168e-9
1.2025e7	2.294e-9
1.2075e7	2.358e-9
1.2125e7	2.504e-9
1.2175e7	2.488e-9
1.2225e7	2.532e-9
1.2275e7	2.612e-9
1.2325e7	2.658e-9
1.2375e7	2.806e-9
1.2425e7	2.902e-9
1.2475e7	2.964e-9
1.2525e7	3.12e-9
1.2575e7	3.084e-9
1.2625e7	3.004e-9
1.2675e7	3.122e-9
1.2725e7	3.186e-9
1.2775e7	3.296e-9
1.2825e7	3.352e-9
1.2875e7	3.51e-9
1.2925e7	3.798e-9
1.2975e7	3.682e-9
1.3025e7	3.866e-9
1.3075e7	3.918e-9
1.3125e7	4.006e-9
1.3175e7	3.984e-9
1.3225e7	4.244e-9
1.3275e7	4.246e-9
1.3325e7	4.426e-9
1.3375e7	4.55e-9
1.3425e7	4.804e-9
1.3475e7	4.834e-9
1.3525e7	4.89e-9
1.3575e7	4.97e-9
1.3625e7	5.096e-9
1.3675e7	5.202e-9
1.3725e7	5.352e-9
1.3775e7	5.71e-9
1.3825e7	5.664e-9
1.3875e7	5.704e-9
1.3925e7	5.758e-9
1.3975e7	6.116e-9
1.4025e7	6.096e-9
1.4075e7	6.31e-9
1.4125e7	6.448e-9
1.4175e7	6.682e-9
1.4225e7	6.702e-9
1.4275e7	7.026e-9
1.4325e7	6.962e-9
1.4375e7	7.238e-9
1.4425e7	7.222e-9
1.4475e7	7.452e-9
1.4525e7	7.686e-9
1.4575e7	7.764e-9
1.4625e7	8.236e-9
1.4675e7	8.298e-9
1.4725e7	8.304e-9
1.4775e7	8.608e-9
1.4825e7	8.43e-9
1.4875e7	8.786e-9
1.4925e7	9.232e-9
1.4975e7	9.364e-9
1.5025e7	9.548e-9
1.5075e7	9.576e-9
1.5125e7	9.666e-9
1.5175e7	1.0186e-8
1.5225e7	1.0238e-8
1.5275e7	1.049e-8
1.5325e7	1.0666e-8
1.5375e7	1.1062e-8
1.5425e7	1.0942e-8
1.5475e7	1.1264e-8
1.5525e7	1.1304e-8
1.5575e7	1.1936e-8
1.5625e7	1.205e-8
1.5675e7	1.2118e-8
1.5725e7	1.2442e-8
1.5775e7	1.2648e-8
1.5825e7	1.2884e-8
1.5875e7	1.3242e-8
1.5925e7	1.3284e-8
1.5975e7	1.3702e-8
1.6025e7	1.3978e-8
1.6075e7	1.4458e-8
1.6125e7	1.4354e-8
1.6175e7	1.4788e-8
1.6225e7	1.5058e-8
1.6275e7	1.549e-8
1.6325e7	1.5376e-8
1.6375e7	1.6124e-8
1.6425e7	1.6096e-8
1.6475e7	1.636e-8
1.6525e7	1.6662e-8
1.6575e7	1.6778e-8
1.6625e7	1.7138e-8
1.6675e7	1.7686e-8
1.6725e7	1.7978e-8
1.6775e7	1.8164e-8
1.6825e7	1.8698e-8
1.6875e7	1.9074e-8
1.6925e7	1.9292e-8
1.6975e7	1.9194e-8
1.7025e7	2.0044e-8
1.7075e7	2.0544e-8
1.7125e7	2.073e-8
1.7175e7	2.089e-8
1.7225e7	2.1156e-8
1.7275e7	2.1652e-8
1.7325e7	2.169e-8
1.7375e7	2.2674e-8
1.7425e7	2.2298e-8
1.7475e7	2.288e-8
1.7525e7	2.3314e-8
1.7575e7	2.3748e-8
1.7625e7	2.3946e-8
1.7675e7	2.4688e-8
1.7725e7	2.4606e-8
1.7775e7	2.5336e-8
1.7825e7	2.5662e-8
1.7875e7	2.5722e-8
1.7925e7	2.622e-8
1.7975e7	2.7088e-8
1.8025e7	2.7002e-8
1.8075e7	2.7138e-8
1.8125e7	2.8008e-8
1.8175e7	2.832e-8
1.8225e7	2.8458e-8
1.8275e7	2.9074e-8
1.8325e7	2.9784e-8
1.8375e7	2.9954e-8
1.8425e7	3.071e-8
1.8475e7	3.0564e-8
1.8525e7	3.1284e-8
1.8575e7	3.122e-8
1.8625e7	3.1876e-8
1.8675e7	3.2786e-8
1.8725e7	3.3042e-8
1.8775e7	3.3462e-8
1.8825e7	3.3724e-8
1.8875e7	3.4246e-8
1.8925e7	3.4482e-8
1.8975e7	3.4962e-8
1.9025e7	3.5974e-8
1.9075e7	3.6154e-8
1.9125e7	3.6304e-8
1.9175e7	3.6554e-8
1.9225e7	3.7346e-8
1.9275e7	3.7368e-8
1.9325e7	3.8132e-8
1.9375e7	3.8836e-8
1.9425e7	3.9014e-8
1.9475e7	3.9298e-8
1.9525e7	4.0308e-8
1.9575e7	4.0408e-8
1.9625e7	4.0822e-8
1.9675e7	4.1556e-8
1.9725e7	4.2028e-8
1.9775e7	4.236e-8
1.9825e7	4.2924e-8
1.9875e7	4.3696e-8
1.9925e7	4.3732e-8
1.9975e7	4.4116e-8
2.0025e7	4.4384e-8
2.0075e7	4.4988e-8
2.0125e7	4.534e-8
2.0175e7	4.6294e-8
2.0225e7	4.6228e-8
2.0275e7	4.694e-8
2.0325e7	4.7216e-8
2.0375e7	4.8278e-8
2.0425e7	4.846e-8
2.0475e7	4.9294e-8
2.0525e7	5.0032e-8
2.0575e7	5.0174e-8
2.0625e7	5.0334e-8
2.0675e7	5.0774e-8
2.0725e7	5.105e-8
2.0775e7	5.2082e-8
2.0825e7	5.24e-8
2.0875e7	5.2282e-8
2.0925e7	5.3876e-8
2.0975e7	5.3176e-8
2.1025e7	5.4838e-8
2.1075e7	5.4728e-8
2.1125e7	5.438e-8
2.1175e7	5.4966e-8
2.1225e7	5.6424e-8
2.1275e7	5.6266e-8
2.1325e7	5.6974e-8
2.1375e7	5.6986e-8
2.1425e7	5.728e-8
2.1475e7	5.8428e-8
2.1525e7	5.825e-8
2.1575e7	5.9568e-8
2.1625e7	5.982e-8
2.1675e7	6.1018e-8
2.1725e7	6.0916e-8
2.1775e7	6.0604e-8
2.1825e7	6.1082e-8
2.1875e7	6.158e-8
2.1925e7	6.2694e-8
2.1975e7	6.214e-8
2.2025e7	6.2686e-8
2.2075e7	6.307e-8
2.2125e7	6.3798e-8
2.2175e7	6.3964e-8
2.2225e7	6.467e-8
2.2275e7	6.486e-8
2.2325e7	6.538e-8
2.2375e7	6.547e-8
2.2425e7	6.5992e-8
2.2475e7	6.6812e-8
2.2525e7	6.743e-8
2.2575e7	6.7204e-8
2.2625e7	6.718e-8
2.2675e7	6.8462e-8
2.2725e7	6.8012e-8
2.2775e7	6.831e-8
2.2825e7	6.9476e-8
2.2875e7	6.9278e-8
2.2925e7	7.0076e-8
2.2975e7	6.9738e-8
2.3025e7	7.047e-8
2.3075e7	7.0988e-8
2.3125e7	7.116e-8
2.3175e7	7.216e-8
2.3225e7	7.1492e-8
2.3275e7	7.1522e-8
2.3325e7	7.2248e-8
2.3375e7	7.2008e-8
2.3425e7	7.296e-8
2.3475e7	7.2624e-8
2.3525e7	7.2994e-8
2.3575e7	7.382e-8
2.3625e7	7.345e-8
2.3675e7	7.3878e-8
2.3725e7	7.3536e-8
2.3775e7	7.4244e-8
2.3825e7	7.499e-8
2.3875e7	7.4394e-8
2.3925e7	7.4648e-8
2.3975e7	7.5524e-8
2.4025e7	7.584e-8
2.4075e7	7.5132e-8
2.4125e7	7.5582e-8
2.4175e7	7.633e-8
2.4225e7	7.6448e-8
2.4275e7	7.6502e-8
2.4325e7	7.6308e-8
2.4375e7	7.6176e-8
2.4425e7	7.7048e-8
2.4475e7	7.6802e-8
2.4525e7	7.7016e-8
2.4575e7	7.7474e-8
2.4625e7	7.7266e-8
2.4675e7	7.7694e-8
2.4725e7	7.7688e-8
2.4775e7	7.8124e-8
2.4825e7	7.6938e-8
2.4875e7	7.805e-8
2.4925e7	7.8204e-8
2.4975e7	7.9022e-8
2.5025e7	7.903e-8
2.5075e7	7.7644e-8
2.5125e7	7.758e-8
2.5175e7	7.7944e-8
2.5225e7	7.8624e-8
2.5275e7	7.8332e-8
2.5325e7	7.798e-8
2.5375e7	7.8646e-8
2.5425e7	7.8162e-8
2.5475e7	7.7876e-8
2.5525e7	7.8594e-8
2.5575e7	7.7738e-8
2.5625e7	7.857e-8
2.5675e7	7.8274e-8
2.5725e7	7.8086e-8
2.5775e7	7.8382e-8
2.5825e7	7.8302e-8
2.5875e7	7.808e-8
2.5925e7	7.7488e-8
2.5975e7	7.8008e-8
2.6025e7	7.703e-8
2.6075e7	7.7834e-8
2.6125e7	7.7098e-8
2.6175e7	7.741e-8
2.6225e7	7.7532e-8
2.6275e7	7.675e-8
2.6325e7	7.702e-8
2.6375e7	7.683e-8
2.6425e7	7.714e-8
2.6475e7	7.655e-8
2.6525e7	7.6764e-8
2.6575e7	7.5662e-8
2.6625e7	7.657e-8
2.6675e7	7.5652e-8
2.6725e7	7.5978e-8
2.6775e7	7.6314e-8
2.6825e7	7.4948e-8
2.6875e7	7.4672e-8
2.6925e7	7.481e-8
2.6975e7	7.461e-8
2.7025e7	7.4728e-8
2.7075e7	7.4786e-8
2.7125e7	7.3144e-8
2.7175e7	7.3778e-8
2.7225e7	7.3118e-8
2.7275e7	7.3234e-8
2.7325e7	7.2768e-8
2.7375e7	7.2654e-8
2.7425e7	7.308e-8
2.7475e7	7.1764e-8
2.7525e7	7.2196e-8
2.7575e7	7.152e-8
2.7625e7	7.0924e-8
2.7675e7	7.0768e-8
2.7725e7	7.0852e-8
2.7775e7	7.0606e-8
2.7825e7	6.9184e-8
2.7875e7	6.9018e-8
2.7925e7	6.959e-8
2.7975e7	6.9154e-8
2.8025e7	6.844e-8
2.8075e7	6.8176e-8
2.8125e7	6.7688e-8
2.8175e7	6.834e-8
2.8225e7	6.7008e-8
2.8275e7	6.6222e-8
2.8325e7	6.594e-8
2.8375e7	6.6328e-8
2.8425e7	6.5376e-8
2.8475e7	6.5526e-8
2.8525e7	6.509e-8
2.8575e7	6.4152e-8
2.8625e7	6.37e-8
2.8675e7	6.2962e-8
2.8725e7	6.3504e-8
2.8775e7	6.2892e-8
2.8825e7	6.2236e-8
2.8875e7	6.156e-8
2.8925e7	6.1426e-8
2.8975e7	6.1378e-8
2.9025e7	6.071e-8
2.9075e7	6.0734e-8
2.9125e7	6.0096e-8
2.9175e7	5.9378e-8
2.9225e7	5.8908e-8
2.9275e7	5.8886e-8
2.9325e7	5.8718e-8
2.9375e7	5.7706e-8
2.9425e7	5.741e-8
2.9475e7	5.7132e-8
2.9525e7	5.6684e-8
2.9575e7	5.6304e-8
2.9625e7	5.5698e-8
2.9675e7	5.4898e-8
2.9725e7	5.4554e-8
2.9775e7	5.4552e-8
2.9825e7	5.373e-8
2.9875e7	5.405e-8
2.9925e7	5.3102e-8
2.9975e7	5.28e-8
3.0025e7	5.1476e-8
3.0075e7	5.1316e-8
3.0125e7	5.067e-8
3.0175e7	5.066e-8
3.0225e7	5.0086e-8
3.0275e7	5.0024e-8
3.0325e7	4.877e-8
3.0375e7	4.9246e-8
3.0425e7	4.79e-8
3.0475e7	4.7888e-8
3.0525e7	4.6686e-8
3.0575e7	4.6658e-8
3.0625e7	4.6632e-8
3.0675e7	4.5652e-8
3.0725e7	4.56e-8
3.0775e7	4.498e-8
3.0825e7	4.438e-8
3.0875e7	4.3926e-8
3.0925e7	4.4096e-8
3.0975e7	4.2922e-8
3.1025e7	4.2988e-8
3.1075e7	4.2324e-8
3.1125e7	4.1226e-8
3.1175e7	4.0914e-8
3.1225e7	4.026e-8
3.1275e7	4.0532e-8
3.1325e7	4.0482e-8
3.1375e7	3.991e-8
3.1425e7	3.9522e-8
3.1475e7	3.8448e-8
3.1525e7	3.8554e-8
3.1575e7	3.7524e-8
3.1625e7	3.7256e-8
3.1675e7	3.7142e-8
3.1725e7	3.6478e-8
3.1775e7	3.5956e-8
3.1825e7	3.5722e-8
3.1875e7	3.4972e-8
3.1925e7	3.4512e-8
3.1975e7	3.4396e-8
3.2025e7	3.369e-8
3.2075e7	3.317e-8
3.2125e7	3.2912e-8
3.2175e7	3.241e-8
3.2225e7	3.2732e-8
3.2275e7	3.159e-8
3.2325e7	3.1516e-8
3.2375e7	3.1232e-8
3.2425e7	3.0224e-8
3.2475e7	3.0026e-8
3.2525e7	3.0068e-8
3.2575e7	2.965e-8
3.2625e7	2.8868e-8
3.2675e7	2.8552e-8
3.2725e7	2.8262e-8
3.2775e7	2.7978e-8
3.2825e7	2.7274e-8
3.2875e7	2.6978e-8
3.2925e7	2.6364e-8
3.2975e7	2.6356e-8
3.3025e7	2.6198e-8
3.3075e7	2.5662e-8
3.3125e7	2.4878e-8
3.3175e7	2.4918e-8
3.3225e7	2.4282e-8
3.3275e7	2.331e-8
3.3325e7	2.3688e-8
3.3375e7	2.3494e-8
3.3425e7	2.281e-8
3.3475e7	2.2576e-8
3.3525e7	2.22e-8
3.3575e7	2.1842e-8
3.3625e7	2.1612e-8
3.3675e7	2.1278e-8
3.3725e7	2.1206e-8
3.3775e7	2.0512e-8
3.3825e7	2.0334e-8
3.3875e7	2.0302e-8
3.3925e7	1.9554e-8
3.3975e7	1.9498e-8
3.4025e7	1.8998e-8
3.4075e7	1.8612e-8
3.4125e7	1.852e-8
3.4175e7	1.8062e-8
3.4225e7	1.7634e-8
3.4275e7	1.7616e-8
3.4325e7	1.7138e-8
3.4375e7	1.722e-8
3.4425e7	1.6582e-8
3.4475e7	1.6394e-8
3.4525e7	1.61e-8
3.4575e7	1.5678e-8
3.4625e7	1.5892e-8
3.4675e7	1.527e-8
3.4725e7	1.4998e-8
3.4775e7	1.4722e-8
3.4825e7	1.4564e-8
3.4875e7	1.427e-8
3.4925e7	1.414e-8
3.4975e7	1.3588e-8
3.5025e7	1.356e-8
3.5075e7	1.34e-8
3.5125e7	1.292e-8
3.5175e7	1.2646e-8
3.5225e7	1.2718e-8
3.5275e7	1.2514e-8
3.5325e7	1.217e-8
3.5375e7	1.171e-8
3.5425e7	1.167e-8
3.5475e7	1.127e-8
3.5525e7	1.0954e-8
3.5575e7	1.1344e-8
3.5625e7	1.0836e-8
3.5675e7	1.0304e-8
3.5725e7	1.0362e-8
3.5775e7	9.982e-9
3.5825e7	9.954e-9
3.5875e7	9.954e-9
3.5925e7	9.388e-9
3.5975e7	9.504e-9
3.6025e7	9.15e-9
3.6075e7	8.918e-9
3.6125e7	9.156e-9
3.6175e7	8.718e-9
3.6225e7	8.522e-9
3.6275e7	8.31e-9
3.6325e7	8.268e-9
3.6375e7	8.11e-9
3.6425e7	7.85e-9
3.6475e7	7.618e-9
3.6525e7	7.518e-9
3.6575e7	7.132e-9
3.6625e7	7.34e-9
3.6675e7	7.126e-9
3.6725e7	6.81e-9
3.6775e7	7.012e-9
3.6825e7	6.946e-9
3.6875e7	6.386e-9
3.6925e7	6.44e-9
3.6975e7	5.978e-9
3.7025e7	6.01e-9
3.7075e7	5.882e-9
3.7125e7	5.782e-9
3.7175e7	5.77e-9
3.7225e7	5.53e-9
3.7275e7	5.536e-9
3.7325e7	5.482e-9
3.7375e7	5.232e-9
3.7425e7	5.242e-9
3.7475e7	5.25e-9
3.7525e7	4.826e-9
3.7575e7	4.714e-9
3.7625e7	4.712e-9
3.7675e7	4.524e-9
3.7725e7	4.528e-9
3.7775e7	4.522e-9
3.7825e7	4.476e-9
3.7875e7	4.082e-9
3.7925e7	4.126e-9
3.7975e7	3.822e-9
3.8025e7	3.836e-9
3.8075e7	3.7e-9
3.8125e7	3.824e-9
3.8175e7	3.522e-9
3.8225e7	3.526e-9
3.8275e7	3.37e-9
3.8325e7	3.356e-9
3.8375e7	3.252e-9
3.8425e7	3.302e-9
3.8475e7	3.154e-9
3.8525e7	3.12e-9
3.8575e7	3.066e-9
3.8625e7	2.902e-9
3.8675e7	2.816e-9
3.8725e7	2.818e-9
3.8775e7	2.588e-9
3.8825e7	2.698e-9
3.8875e7	2.518e-9
3.8925e7	2.5e-9
3.8975e7	2.45e-9
3.9025e7	2.29e-9
3.9075e7	2.254e-9
3.9125e7	2.316e-9
3.9175e7	2.274e-9
3.9225e7	2.152e-9
3.9275e7	2.164e-9
3.9325e7	2.054e-9
3.9375e7	1.936e-9
3.9425e7	2.056e-9
3.9475e7	1.928e-9
3.9525e7	1.86e-9
3.9575e7	1.816e-9
3.9625e7	1.784e-9
3.9675e7	1.734e-9
3.9725e7	1.734e-9
3.9775e7	1.592e-9
3.9825e7	1.636e-9
3.9875e7	1.528e-9
3.9925e7	1.544e-9
3.9975e7	1.54e-9
4.0025e7	1.48e-9
4.0075e7	1.4e-9
4.0125e7	1.388e-9
4.0175e7	1.326e-9
4.0225e7	1.266e-9
4.0275e7	1.298e-9
4.0325e7	1.194e-9
4.0375e7	1.214e-9
4.0425e7	1.114e-9
4.0475e7	1.05e-9
4.0525e7	1.124e-9
4.0575e7	1.14e-9
4.0625e7	1.05e-9
4.0675e7	1.074e-9
4.0725e7	9.2e-10
4.0775e7	9.4e-10
4.0825e7	8.6e-10
4.0875e7	9.7e-10
4.0925e7	8.92e-10
4.0975e7	8.04e-10
4.1025e7	8.7e-10
4.1075e7	8.06e-10
4.1125e7	7.88e-10
4.1175e7	7.72e-10
4.1225e7	8.02e-10
4.1275e7	7.12e-10
4.1325e7	6.64e-10
4.1375e7	6.84e-10
4.1425e7	6.42e-10
4.1475e7	6.2e-10
4.1525e7	6.28e-10
4.1575e7	6.16e-10
4.1625e7	6.18e-10
4.1675e7	5.84e-10
4.1725e7	5.3e-10
4.1775e7	5.2e-10
4.1825e7	5.28e-10
4.1875e7	4.84e-10
4.1925e7	4.92e-10
4.1975e7	5.1e-10
4.2025e7	4.86e-10
4.2075e7	4.66e-10
4.2125e7	3.88e-10
4.2175e7	4.12e-10
4.2225e7	4.0e-10
4.2275e7	4.42e-10
4.2325e7	4.44e-10
4.2375e7	3.68e-10
4.2425e7	3.04e-10
4.2475e7	3.64e-10
4.2525e7	3.5e-10
4.2575e7	2.94e-10
4.2625e7	2.84e-10
4.2675e7	2.86e-10
4.2725e7	2.5e-10
4.2775e7	2.98e-10
4.2825e7	2.88e-10
4.2875e7	2.68e-10
4.2925e7	2.5e-10
4.2975e7	2.38e-10
4.3025e7	2.22e-10
4.3075e7	2.72e-10
4.3125e7	2.44e-10
4.3175e7	2.44e-10
4.3225e7	2.32e-10
4.3275e7	2.28e-10
4.3325e7	1.92e-10
4.3375e7	1.82e-10
4.3425e7	2.04e-10
4.3475e7	1.78e-10
4.3525e7	1.9e-10
4.3575e7	1.9e-10
4.3625e7	1.44e-10
4.3675e7	1.66e-10
4.3725e7	1.44e-10
4.3775e7	1.64e-10
4.3825e7	1.42e-10
4.3875e7	1.44e-10
4.3925e7	1.28e-10
4.3975e7	1.38e-10
4.4025e7	1.34e-10
4.4075e7	1.24e-10
4.4125e7	1.56e-10
4.4175e7	1.02e-10
4.4225e7	9.8e-11
4.4275e7	1.1e-10
4.4325e7	1.06e-10
4.4375e7	9.4e-11
4.4425e7	1.0e-10
4.4475e7	7.8e-11
4.4525e7	8.0e-11
4.4575e7	1.1e-10
4.4625e7	7.6e-11
4.4675e7	7.2e-11
4.4725e7	8.2e-11
4.4775e7	8.4e-11
4.4825e7	6.2e-11
4.4875e7	5.6e-11
4.4925e7	6.8e-11
4.4975e7	7.2e-11
4.5025e7	4.8e-11
4.5075e7	4.6e-11
4.5125e7	4.0e-11
4.5175e7	5.2e-11
4.5225e7	6.0e-11
4.5275e7	4.6e-11
4.5325e7	6.2e-11
4.5375e7	4.4e-11
4.5425e7	5.4e-11
4.5475e7	5.4e-11
4.5525e7	5.2e-11
4.5575e7	4.6e-11
4.5625e7	4.2e-11
4.5675e7	4.2e-11
4.5725e7	4.0e-11
4.5775e7	4.6e-11
4.5825e7	2.6e-11
4.5875e7	3.4e-11
4.5925e7	3.6e-11
4.5975e7	3.2e-11
4.6025e7	2.8e-11
4.6075e7	2.4e-11
4.6125e7	2.6e-11
4.6175e7	2.6e-11
4.6225e7	3.0e-11
4.6275e7	1.4e-11
4.6325e7	2.4e-11
4.6375e7	2.4e-11
4.6425e7	1.2e-11
4.6475e7	1.8e-11
4.6525e7	2.4e-11
4.6575e7	2.0e-11
4.6625e7	1.6e-11
4.6675e7	1.6e-11
4.6725e7	2.2e-11
4.6775e7	2.0e-11
4.6825e7	1.4e-11
4.6875e7	1.0e-11
4.6925e7	1.2e-11
4.6975e7	2.0e-11
4.7025e7	2.2e-11
4.7075e7	2.4e-11
4.7125e7	1.2e-11
4.7175e7	1.2e-11
4.7225e7	2.0e-12
4.7275e7	1.2e-11
4.7325e7	1.2e-11
4.7375e7	1.0e-11
4.7425e7	1.2e-11
4.7475e7	8.0e-12
4.7525e7	4.0e-12
4.7575e7	1.6e-11
4.7625e7	4.0e-12
4.7675e7	8.0e-12
4.7725e7	1.0e-11
4.7775e7	2.0e-12
4.7825e7	1.6e-11
4.7875e7	8.0e-12
4.7925e7	6.0e-12
4.7975e7	4.0e-12
4.8025e7	4.0e-12
4.8075e7	4.0e-12
4.8125e7	6.0e-12
4.8175e7	4.0e-12
4.8225e7	0.0
4.8275e7	1.0e-11
4.8325e7	6.0e-12
4.8375e7	4.0e-12
4.8425e7	6.0e-12
4.8475e7	2.0e-12
4.8525e7	2.0e-12
4.8575e7	2.0e-12
4.8625e7	4.0e-12
4.8675e7	0.0
4.8725e7	8.0e-12
4.8775e7	0.0
4.8825e7	8.0e-12
4.8875e7	1.4e-11
4.8925e7	0.0
4.8975e7	0.0
4.9025e7	2.0e-12
4.9075e7	2.0e-12
4.9125e7	6.0e-12
4.9175e7	4.0e-12
4.9225e7	4.0e-12
4.9275e7	0.0
4.9325e7	0.0
4.9375e7	4.0e-12
4.9425e7	4.0e-12
4.9475e7	2.0e-12
4.9525e7	0.0
4.9575e7	0.0
4.9625e7	0.0
4.9675e7	4.0e-12
4.9725e7	2.0e-12
4.9775e7	0.0
4.9825e7	0.0
4.9875e7	6.0e-12
4.9925e7	0.0
4.9975e7	2.0e-12
5.0025e7	2.0e-12
5.0075e7	0.0
5.0125e7	2.0e-12
5.0175e7	0.0
5.0225e7	4.0e-12
5.0275e7	2.0e-12
5.0325e7	0.0
5.0375e7	0.0
5.0425e7	0.0
5.0475e7	8.0e-12
5.0525e7	0.0
5.0575e7	0.0
5.0625e7	0.0
5.0675e7	2.0e-12
5.0725e7	0.0
5.0775e7	0.0
5.0825e7	2.0e-12
5.0875e7	0.0
5.0925e7	0.0
5.0975e7	2.0e-12
5.1025e7	2.0e-12
5.1075e7	0.0
5.1125e7	0.0
5.1175e7	0.0
5.1225e7	0.0
5.1275e7	0.0
5.1325e7	0.0
5.1375e7	0.0
5.1425e7	0.0
5.1475e7	2.0e-12
5.1525e7	0.0
5.1575e7	0.0
5.1625e7	0.0
5.1675e7	0.0
5.1725e7	0.0
5.1775e7	0.0
5.1825e7	0.0
5.1875e7	0.0
5.1925e7	0.0
5.1975e7	0.0
5.2025e7	0.0
5.2075e7	0.0
5.2125e7	2.0e-12
5.2175e7	2.0e-12
