x	y
1.3625e7	2.0e-11
1.3675e7	0.0
1.3725e7	0.0
1.3775e7	0.0
1.3825e7	0.0
1.3875e7	0.0
1.3925e7	0.0
1.3975e7	0.0
1.4025e7	0.0
1.4075e7	0.0
1.4125e7	0.0
1.4175e7	0.0
1.4225e7	0.0
1.4275e7	0.0
1.4325e7	0.0
1.4375e7	0.0
1.4425e7	0.0
1.4475e7	0.0
1.4525e7	2.0e-11
1.4575e7	0.0
1.4625e7	2.0e-11
1.4675e7	2.0e-11
1.4725e7	2.0e-11
1.4775e7	0.0
1.4825e7	0.0
1.4875e7	0.0
1.4925e7	0.0
1.4975e7	2.0e-11
1.5025e7	2.0e-11
1.5075e7	0.0
1.5125e7	2.0e-11
1.5175e7	0.0
1.5225e7	0.0
1.5275e7	4.0e-11
1.5325e7	6.0e-11
1.5375e7	2.0e-11
1.5425e7	2.0e-11
1.5475e7	8.0e-11
1.5525e7	4.0e-11
1.5575e7	0.0
1.5625e7	2.0e-11
1.5675e7	2.0e-11
1.5725e7	4.0e-11
1.5775e7	8.0e-11
1.5825e7	1.4e-10
1.5875e7	4.0e-11
1.5925e7	4.0e-11
1.5975e7	6.0e-11
1.6025e7	6.0e-11
1.6075e7	2.0e-11
1.6125e7	1.0e-10
1.6175e7	8.0e-11
1.6225e7	1.0e-10
1.6275e7	2.0e-11
1.6325e7	4.0e-11
1.6375e7	8.0e-11
1.6425e7	1.8e-10
1.6475e7	1.4e-10
1.6525e7	1.6e-10
1.6575e7	1.4e-10
1.6625e7	2.4e-10
1.6675e7	1.0e-10
1.6725e7	2.4e-10
1.6775e7	2.8e-10
1.6825e7	2.4e-10
1.6875e7	2.6e-10
1.6925e7	2.4e-10
1.6975e7	4.4e-10
1.7025e7	2.2e-10
1.7075e7	2.2e-10
1.7125e7	5.4e-10
1.7175e7	4.4e-10
1.7225e7	4.6e-10
1.7275e7	4.2e-10
1.7325e7	6.0e-10
1.7375e7	5.0e-10
1.7425e7	6.8e-10
1.7475e7	6.4e-10
1.7525e7	7.8e-10
1.7575e7	5.4e-10
1.7625e7	6.0e-10
1.7675e7	9.6e-10
1.7725e7	8.2e-10
1.7775e7	8.8e-10
1.7825e7	9.8e-10
1.7875e7	1.2e-9
1.7925e7	1.18e-9
1.7975e7	1.02e-9
1.8025e7	1.14e-9
1.8075e7	1.14e-9
1.8125e7	1.4e-9
1.8175e7	1.4e-9
1.8225e7	1.38e-9
1.8275e7	1.78e-9
1.8325e7	1.86e-9
1.8375e7	2.08e-9
1.8425e7	2.14e-9
1.8475e7	2.14e-9
1.8525e7	2.54e-9
1.8575e7	2.56e-9
1.8625e7	2.62e-9
1.8675e7	2.86e-9
1.8725e7	2.76e-9
1.8775e7	3.12e-9
1.8825e7	3.08e-9
1.8875e7	4.1e-9
1.8925e7	3.5e-9
1.8975e7	3.88e-9
1.9025e7	3.9e-9
1.9075e7	4.2e-9
1.9125e7	4.5e-9
1.9175e7	4.4e-9
1.9225e7	5.4e-9
1.9275e7	5.32e-9
1.9325e7	4.94e-9
1.9375e7	5.78e-9
1.9425e7	5.42e-9
1.9475e7	6.44e-9
1.9525e7	7.36e-9
1.9575e7	7.18e-9
1.9625e7	7.78e-9
1.9675e7	8.64e-9
1.9725e7	8.16e-9
1.9775e7	9.18e-9
1.9825e7	8.74e-9
1.9875e7	9.7e-9
1.9925e7	9.98e-9
1.9975e7	1.09e-8
2.0025e7	1.12e-8
2.0075e7	1.152e-8
2.0125e7	1.216e-8
2.0175e7	1.314e-8
2.0225e7	1.298e-8
2.0275e7	1.444e-8
2.0325e7	1.464e-8
2.0375e7	1.59e-8
2.0425e7	1.536e-8
2.0475e7	1.796e-8
2.0525e7	1.79e-8
2.0575e7	1.82e-8
2.0625e7	2.024e-8
2.0675e7	2.008e-8
2.0725e7	2.138e-8
2.0775e7	2.164e-8
2.0825e7	2.382e-8
2.0875e7	2.338e-8
2.0925e7	2.468e-8
2.0975e7	2.528e-8
2.1025e7	2.708e-8
2.1075e7	2.862e-8
2.1125e7	2.91e-8
2.1175e7	3.024e-8
2.1225e7	3.13e-8
2.1275e7	3.19e-8
2.1325e7	3.366e-8
2.1375e7	3.478e-8
2.1425e7	3.47e-8
2.1475e7	3.692e-8
2.1525e7	3.802e-8
2.1575e7	3.896e-8
2.1625e7	4.02e-8
2.1675e7	4.33e-8
2.1725e7	4.234e-8
2.1775e7	4.436e-8
2.1825e7	4.616e-8
2.1875e7	4.734e-8
2.1925e7	5.02e-8
2.1975e7	5.114e-8
2.2025e7	5.232e-8
2.2075e7	5.24e-8
2.2125e7	5.552e-8
2.2175e7	5.666e-8
2.2225e7	5.852e-8
2.2275e7	6.194e-8
2.2325e7	6.256e-8
2.2375e7	6.398e-8
2.2425e7	6.532e-8
2.2475e7	6.682e-8
2.2525e7	7.054e-8
2.2575e7	7.034e-8
2.2625e7	7.57e-8
2.2675e7	7.676e-8
2.2725e7	7.642e-8
2.2775e7	7.998e-8
2.2825e7	8.234e-8
2.2875e7	8.142e-8
2.2925e7	8.432e-8
2.2975e7	8.704e-8
2.3025e7	9.002e-8
2.3075e7	9.188e-8
2.3125e7	9.068e-8
2.3175e7	9.46e-8
2.3225e7	9.54e-8
2.3275e7	9.572e-8
2.3325e7	1.0372e-7
2.3375e7	1.017e-7
2.3425e7	1.0242e-7
2.3475e7	1.068e-7
2.3525e7	1.0592e-7
2.3575e7	1.074e-7
2.3625e7	1.1038e-7
2.3675e7	1.1268e-7
2.3725e7	1.136e-7
2.3775e7	1.134e-7
2.3825e7	1.1618e-7
2.3875e7	1.1938e-7
2.3925e7	1.2154e-7
2.3975e7	1.235e-7
2.4025e7	1.2288e-7
2.4075e7	1.2542e-7
2.4125e7	1.3042e-7
2.4175e7	1.3206e-7
2.4225e7	1.3234e-7
2.4275e7	1.3166e-7
2.4325e7	1.3538e-7
2.4375e7	1.3568e-7
2.4425e7	1.3502e-7
2.4475e7	1.3754e-7
2.4525e7	1.3954e-7
2.4575e7	1.4324e-7
2.4625e7	1.4144e-7
2.4675e7	1.4348e-7
2.4725e7	1.4556e-7
2.4775e7	1.4632e-7
2.4825e7	1.4752e-7
2.4875e7	1.5032e-7
2.4925e7	1.5214e-7
2.4975e7	1.523e-7
2.5025e7	1.4988e-7
2.5075e7	1.5474e-7
2.5125e7	1.5154e-7
2.5175e7	1.524e-7
2.5225e7	1.5558e-7
2.5275e7	1.556e-7
2.5325e7	1.5732e-7
2.5375e7	1.5782e-7
2.5425e7	1.585e-7
2.5475e7	1.5616e-7
2.5525e7	1.5912e-7
2.5575e7	1.5868e-7
2.5625e7	1.5844e-7
2.5675e7	1.5796e-7
2.5725e7	1.5598e-7
2.5775e7	1.6026e-7
2.5825e7	1.582e-7
2.5875e7	1.5974e-7
2.5925e7	1.547e-7
2.5975e7	1.5424e-7
2.6025e7	1.5552e-7
2.6075e7	1.5824e-7
2.6125e7	1.5286e-7
2.6175e7	1.5718e-7
2.6225e7	1.5504e-7
2.6275e7	1.562e-7
2.6325e7	1.524e-7
2.6375e7	1.5342e-7
2.6425e7	1.532e-7
2.6475e7	1.5218e-7
2.6525e7	1.5088e-7
2.6575e7	1.4892e-7
2.6625e7	1.4802e-7
2.6675e7	1.4858e-7
2.6725e7	1.4518e-7
2.6775e7	1.4252e-7
2.6825e7	1.4718e-7
2.6875e7	1.4292e-7
2.6925e7	1.4138e-7
2.6975e7	1.4138e-7
2.7025e7	1.3996e-7
2.7075e7	1.3824e-7
2.7125e7	1.3748e-7
2.7175e7	1.33e-7
2.7225e7	1.3036e-7
2.7275e7	1.3128e-7
2.7325e7	1.3182e-7
2.7375e7	1.2778e-7
2.7425e7	1.26e-7
2.7475e7	1.2672e-7
2.7525e7	1.229e-7
2.7575e7	1.1866e-7
2.7625e7	1.1998e-7
2.7675e7	1.1828e-7
2.7725e7	1.1294e-7
2.7775e7	1.1424e-7
2.7825e7	1.1354e-7
2.7875e7	1.1e-7
2.7925e7	1.0936e-7
2.7975e7	1.081e-7
2.8025e7	1.0498e-7
2.8075e7	1.0456e-7
2.8125e7	1.013e-7
2.8175e7	9.738e-8
2.8225e7	9.446e-8
2.8275e7	9.642e-8
2.8325e7	9.392e-8
2.8375e7	9.072e-8
2.8425e7	9.192e-8
2.8475e7	8.858e-8
2.8525e7	8.678e-8
2.8575e7	8.702e-8
2.8625e7	8.158e-8
2.8675e7	8.112e-8
2.8725e7	7.822e-8
2.8775e7	7.776e-8
2.8825e7	7.536e-8
2.8875e7	7.562e-8
2.8925e7	7.354e-8
2.8975e7	7.016e-8
2.9025e7	6.984e-8
2.9075e7	6.578e-8
2.9125e7	6.568e-8
2.9175e7	6.424e-8
2.9225e7	6.234e-8
2.9275e7	5.924e-8
2.9325e7	5.848e-8
2.9375e7	5.826e-8
2.9425e7	5.832e-8
2.9475e7	5.522e-8
2.9525e7	5.078e-8
2.9575e7	5.054e-8
2.9625e7	4.912e-8
2.9675e7	4.842e-8
2.9725e7	4.644e-8
2.9775e7	4.636e-8
2.9825e7	4.382e-8
2.9875e7	4.116e-8
2.9925e7	4.208e-8
2.9975e7	3.866e-8
3.0025e7	3.926e-8
3.0075e7	3.878e-8
3.0125e7	3.606e-8
3.0175e7	3.512e-8
3.0225e7	3.388e-8
3.0275e7	3.282e-8
3.0325e7	3.114e-8
3.0375e7	3.138e-8
3.0425e7	2.968e-8
3.0475e7	2.768e-8
3.0525e7	2.682e-8
3.0575e7	2.682e-8
3.0625e7	2.616e-8
3.0675e7	2.448e-8
3.0725e7	2.386e-8
3.0775e7	2.1e-8
3.0825e7	2.144e-8
3.0875e7	2.064e-8
3.0925e7	1.924e-8
3.0975e7	2.018e-8
3.1025e7	1.736e-8
3.1075e7	1.76e-8
3.1125e7	1.676e-8
3.1175e7	1.76e-8
3.1225e7	1.634e-8
3.1275e7	1.418e-8
3.1325e7	1.5e-8
3.1375e7	1.458e-8
3.1425e7	1.404e-8
3.1475e7	1.314e-8
3.1525e7	1.158e-8
3.1575e7	1.218e-8
3.1625e7	1.146e-8
3.1675e7	1.054e-8
3.1725e7	1.042e-8
3.1775e7	9.72e-9
3.1825e7	9.92e-9
3.1875e7	8.98e-9
3.1925e7	8.34e-9
3.1975e7	8.06e-9
3.2025e7	7.52e-9
3.2075e7	7.64e-9
3.2125e7	7.5e-9
3.2175e7	6.38e-9
3.2225e7	6.86e-9
3.2275e7	6.56e-9
3.2325e7	6.0e-9
3.2375e7	5.5e-9
3.2425e7	5.48e-9
3.2475e7	5.12e-9
3.2525e7	4.84e-9
3.2575e7	3.88e-9
3.2625e7	4.24e-9
3.2675e7	4.52e-9
3.2725e7	4.32e-9
3.2775e7	4.08e-9
3.2825e7	3.24e-9
3.2875e7	3.62e-9
3.2925e7	3.32e-9
3.2975e7	2.8e-9
3.3025e7	2.9e-9
3.3075e7	2.64e-9
3.3125e7	2.38e-9
3.3175e7	2.2e-9
3.3225e7	2.16e-9
3.3275e7	2.16e-9
3.3325e7	2.0e-9
3.3375e7	1.96e-9
3.3425e7	1.84e-9
3.3475e7	1.48e-9
3.3525e7	1.44e-9
3.3575e7	1.48e-9
3.3625e7	1.3e-9
3.3675e7	1.22e-9
3.3725e7	1.44e-9
3.3775e7	1.36e-9
3.3825e7	1.24e-9
3.3875e7	1.02e-9
3.3925e7	1.12e-9
3.3975e7	8.6e-10
3.4025e7	9.0e-10
3.4075e7	7.8e-10
3.4125e7	7.0e-10
3.4175e7	7.8e-10
3.4225e7	7.8e-10
3.4275e7	6.4e-10
3.4325e7	7.4e-10
3.4375e7	6.4e-10
3.4425e7	4.4e-10
3.4475e7	3.8e-10
3.4525e7	5.0e-10
3.4575e7	4.8e-10
3.4625e7	3.6e-10
3.4675e7	2.8e-10
3.4725e7	4.0e-10
3.4775e7	3.2e-10
3.4825e7	2.8e-10
3.4875e7	3.2e-10
3.4925e7	3.4e-10
3.4975e7	3.0e-10
3.5025e7	2.2e-10
3.5075e7	1.8e-10
3.5125e7	3.0e-10
3.5175e7	2.8e-10
3.5225e7	1.4e-10
3.5275e7	1.6e-10
3.5325e7	2.4e-10
3.5375e7	8.0e-11
3.5425e7	2.2e-10
3.5475e7	8.0e-11
3.5525e7	6.0e-11
3.5575e7	1.4e-10
3.5625e7	8.0e-11
3.5675e7	1.2e-10
3.5725e7	1.4e-10
3.5775e7	2.0e-11
3.5825e7	1.0e-10
3.5875e7	1.4e-10
3.5925e7	8.0e-11
3.5975e7	8.0e-11
3.6025e7	1.2e-10
3.6075e7	4.0e-11
3.6125e7	2.0e-11
3.6175e7	0.0
3.6225e7	2.0e-11
3.6275e7	4.0e-11
3.6325e7	1.0e-10
3.6375e7	2.0e-11
3.6425e7	4.0e-11
3.6475e7	0.0
3.6525e7	2.0e-11
3.6575e7	4.0e-11
3.6625e7	0.0
3.6675e7	0.0
3.6725e7	0.0
3.6775e7	0.0
3.6825e7	2.0e-11
3.6875e7	0.0
3.6925e7	0.0
3.6975e7	2.0e-11
3.7025e7	4.0e-11
3.7075e7	0.0
3.7125e7	0.0
3.7175e7	4.0e-11
3.7225e7	0.0
3.7275e7	0.0
3.7325e7	0.0
3.7375e7	0.0
3.7425e7	2.0e-11
3.7475e7	0.0
3.7525e7	2.0e-11
3.7575e7	0.0
3.7625e7	0.0
3.7675e7	0.0
3.7725e7	0.0
3.7775e7	0.0
3.7825e7	0.0
3.7875e7	0.0
3.7925e7	0.0
3.7975e7	0.0
3.8025e7	0.0
3.8075e7	0.0
3.8125e7	0.0
3.8175e7	0.0
3.8225e7	0.0
3.8275e7	0.0
3.8325e7	2.0e-11
