x	y
-2.7725e7	2.0e-12
-2.7675e7	0.0
-2.7625e7	0.0
-2.7575e7	0.0
-2.7525e7	0.0
-2.7475e7	0.0
-2.7425e7	0.0
-2.7375e7	0.0
-2.7325e7	0.0
-2.7275e7	0.0
-2.7225e7	0.0
-2.7175e7	0.0
-2.7125e7	0.0
-2.7075e7	0.0
-2.7025e7	0.0
-2.6975e7	0.0
-2.6925e7	0.0
-2.6875e7	2.0e-12
-2.6825e7	0.0
-2.6775e7	0.0
-2.6725e7	0.0
-2.6675e7	0.0
-2.6625e7	0.0
-2.6575e7	0.0
-2.6525e7	0.0
-2.6475e7	0.0
-2.6425e7	0.0
-2.6375e7	0.0
-2.6325e7	0.0
-2.6275e7	0.0
-2.6225e7	0.0
-2.6175e7	0.0
-2.6125e7	0.0
-2.6075e7	0.0
-2.6025e7	0.0
-2.5975e7	0.0
-2.5925e7	0.0
-2.5875e7	0.0
-2.5825e7	0.0
-2.5775e7	0.0
-2.5725e7	0.0
-2.5675e7	0.0
-2.5625e7	0.0
-2.5575e7	0.0
-2.5525e7	0.0
-2.5475e7	0.0
-2.5425e7	0.0
-2.5375e7	0.0
-2.5325e7	0.0
-2.5275e7	0.0
-2.5225e7	0.0
-2.5175e7	0.0
-2.5125e7	0.0
-2.5075e7	0.0
-2.5025e7	2.0e-12
-2.4975e7	0.0
-2.4925e7	0.0
-2.4875e7	0.0
-2.4825e7	0.0
-2.4775e7	0.0
-2.4725e7	0.0
-2.4675e7	0.0
-2.4625e7	2.0e-12
-2.4575e7	0.0
-2.4525e7	0.0
-2.4475e7	0.0
-2.4425e7	0.0
-2.4375e7	0.0
-2.4325e7	2.0e-12
-2.4275e7	0.0
-2.4225e7	0.0
-2.4175e7	0.0
-2.4125e7	0.0
-2.4075e7	0.0
-2.4025e7	0.0
-2.3975e7	0.0
-2.3925e7	0.0
-2.3875e7	0.0
-2.3825e7	0.0
-2.3775e7	0.0
-2.3725e7	0.0
-2.3675e7	0.0
-2.3625e7	0.0
-2.3575e7	0.0
-2.3525e7	0.0
-2.3475e7	2.0e-12
-2.3425e7	2.0e-12
-2.3375e7	0.0
-2.3325e7	2.0e-12
-2.3275e7	0.0
-2.3225e7	0.0
-2.3175e7	2.0e-12
-2.3125e7	0.0
-2.3075e7	0.0
-2.3025e7	0.0
-2.2975e7	4.0e-12
-2.2925e7	2.0e-12
-2.2875e7	2.0e-12
-2.2825e7	0.0
-2.2775e7	2.0e-12
-2.2725e7	4.0e-12
-2.2675e7	0.0
-2.2625e7	2.0e-12
-2.2575e7	0.0
-2.2525e7	0.0
-2.2475e7	0.0
-2.2425e7	4.0e-12
-2.2375e7	0.0
-2.2325e7	2.0e-12
-2.2275e7	2.0e-12
-2.2225e7	2.0e-12
-2.2175e7	0.0
-2.2125e7	4.0e-12
-2.2075e7	2.0e-12
-2.2025e7	0.0
-2.1975e7	1.0e-11
-2.1925e7	0.0
-2.1875e7	4.0e-12
-2.1825e7	4.0e-12
-2.1775e7	8.0e-12
-2.1725e7	6.0e-12
-2.1675e7	4.0e-12
-2.1625e7	1.0e-11
-2.1575e7	6.0e-12
-2.1525e7	1.0e-11
-2.1475e7	6.0e-12
-2.1425e7	2.0e-12
-2.1375e7	8.0e-12
-2.1325e7	6.0e-12
-2.1275e7	1.0e-11
-2.1225e7	1.0e-11
-2.1175e7	8.0e-12
-2.1125e7	4.0e-12
-2.1075e7	2.0e-12
-2.1025e7	8.0e-12
-2.0975e7	1.2e-11
-2.0925e7	1.0e-11
-2.0875e7	1.0e-11
-2.0825e7	1.4e-11
-2.0775e7	1.6e-11
-2.0725e7	8.0e-12
-2.0675e7	8.0e-12
-2.0625e7	6.0e-12
-2.0575e7	1.4e-11
-2.0525e7	4.0e-12
-2.0475e7	6.0e-12
-2.0425e7	1.0e-11
-2.0375e7	6.0e-12
-2.0325e7	6.0e-12
-2.0275e7	1.6e-11
-2.0225e7	1.0e-11
-2.0175e7	8.0e-12
-2.0125e7	2.6e-11
-2.0075e7	1.2e-11
-2.0025e7	1.2e-11
-1.9975e7	1.0e-11
-1.9925e7	2.4e-11
-1.9875e7	2.0e-11
-1.9825e7	1.6e-11
-1.9775e7	2.6e-11
-1.9725e7	1.4e-11
-1.9675e7	3.8e-11
-1.9625e7	2.6e-11
-1.9575e7	2.8e-11
-1.9525e7	2.2e-11
-1.9475e7	1.4e-11
-1.9425e7	2.2e-11
-1.9375e7	4.6e-11
-1.9325e7	3.8e-11
-1.9275e7	3.4e-11
-1.9225e7	1.8e-11
-1.9175e7	3.8e-11
-1.9125e7	4.0e-11
-1.9075e7	3.4e-11
-1.9025e7	3.2e-11
-1.8975e7	3.4e-11
-1.8925e7	5.6e-11
-1.8875e7	2.8e-11
-1.8825e7	4.8e-11
-1.8775e7	4.0e-11
-1.8725e7	4.2e-11
-1.8675e7	3.2e-11
-1.8625e7	4.8e-11
-1.8575e7	5.8e-11
-1.8525e7	5.8e-11
-1.8475e7	6.8e-11
-1.8425e7	5.6e-11
-1.8375e7	7.4e-11
-1.8325e7	6.2e-11
-1.8275e7	5.4e-11
-1.8225e7	4.8e-11
-1.8175e7	5.8e-11
-1.8125e7	7.0e-11
-1.8075e7	9.0e-11
-1.8025e7	6.8e-11
-1.7975e7	8.2e-11
-1.7925e7	7.8e-11
-1.7875e7	9.2e-11
-1.7825e7	1.22e-10
-1.7775e7	7.8e-11
-1.7725e7	1.0e-10
-1.7675e7	9.0e-11
-1.7625e7	1.1e-10
-1.7575e7	1.16e-10
-1.7525e7	1.26e-10
-1.7475e7	1.22e-10
-1.7425e7	9.6e-11
-1.7375e7	1.56e-10
-1.7325e7	1.36e-10
-1.7275e7	1.5e-10
-1.7225e7	1.34e-10
-1.7175e7	1.32e-10
-1.7125e7	1.34e-10
-1.7075e7	1.98e-10
-1.7025e7	1.66e-10
-1.6975e7	1.58e-10
-1.6925e7	2.04e-10
-1.6875e7	1.82e-10
-1.6825e7	1.54e-10
-1.6775e7	2.1e-10
-1.6725e7	1.88e-10
-1.6675e7	2.22e-10
-1.6625e7	2.02e-10
-1.6575e7	2.5e-10
-1.6525e7	2.22e-10
-1.6475e7	2.4e-10
-1.6425e7	2.48e-10
-1.6375e7	2.24e-10
-1.6325e7	2.82e-10
-1.6275e7	2.74e-10
-1.6225e7	3.32e-10
-1.6175e7	2.82e-10
-1.6125e7	2.76e-10
-1.6075e7	3.6e-10
-1.6025e7	3.24e-10
-1.5975e7	3.36e-10
-1.5925e7	3.58e-10
-1.5875e7	3.56e-10
-1.5825e7	3.5e-10
-1.5775e7	3.84e-10
-1.5725e7	4.3e-10
-1.5675e7	4.44e-10
-1.5625e7	4.26e-10
-1.5575e7	4.34e-10
-1.5525e7	4.58e-10
-1.5475e7	4.78e-10
-1.5425e7	5.34e-10
-1.5375e7	5.14e-10
-1.5325e7	5.16e-10
-1.5275e7	5.5e-10
-1.5225e7	5.28e-10
-1.5175e7	5.62e-10
-1.5125e7	5.9e-10
-1.5075e7	6.32e-10
-1.5025e7	5.9e-10
-1.4975e7	7.26e-10
-1.4925e7	6.12e-10
-1.4875e7	6.88e-10
-1.4825e7	7.1e-10
-1.4775e7	6.94e-10
-1.4725e7	7.92e-10
-1.4675e7	7.46e-10
-1.4625e7	7.6e-10
-1.4575e7	8.34e-10
-1.4525e7	8.82e-10
-1.4475e7	8.52e-10
-1.4425e7	9.18e-10
-1.4375e7	9.08e-10
-1.4325e7	8.66e-10
-1.4275e7	1.008e-9
-1.4225e7	1.024e-9
-1.4175e7	1.014e-9
-1.4125e7	1.13e-9
-1.4075e7	1.042e-9
-1.4025e7	1.15e-9
-1.3975e7	1.182e-9
-1.3925e7	1.206e-9
-1.3875e7	1.314e-9
-1.3825e7	1.256e-9
-1.3775e7	1.352e-9
-1.3725e7	1.346e-9
-1.3675e7	1.308e-9
-1.3625e7	1.408e-9
-1.3575e7	1.386e-9
-1.3525e7	1.518e-9
-1.3475e7	1.584e-9
-1.3425e7	1.638e-9
-1.3375e7	1.582e-9
-1.3325e7	1.684e-9
-1.3275e7	1.762e-9
-1.3225e7	1.752e-9
-1.3175e7	1.764e-9
-1.3125e7	2.036e-9
-1.3075e7	1.934e-9
-1.3025e7	2.098e-9
-1.2975e7	2.008e-9
-1.2925e7	2.132e-9
-1.2875e7	2.236e-9
-1.2825e7	2.262e-9
-1.2775e7	2.23e-9
-1.2725e7	2.33e-9
-1.2675e7	2.296e-9
-1.2625e7	2.502e-9
-1.2575e7	2.396e-9
-1.2525e7	2.654e-9
-1.2475e7	2.726e-9
-1.2425e7	2.738e-9
-1.2375e7	2.924e-9
-1.2325e7	2.832e-9
-1.2275e7	2.952e-9
-1.2225e7	3.03e-9
-1.2175e7	3.078e-9
-1.2125e7	3.088e-9
-1.2075e7	3.17e-9
-1.2025e7	3.362e-9
-1.1975e7	3.33e-9
-1.1925e7	3.436e-9
-1.1875e7	3.59e-9
-1.1825e7	3.682e-9
-1.1775e7	3.896e-9
-1.1725e7	3.92e-9
-1.1675e7	3.982e-9
-1.1625e7	4.142e-9
-1.1575e7	4.194e-9
-1.1525e7	4.092e-9
-1.1475e7	4.388e-9
-1.1425e7	4.536e-9
-1.1375e7	4.708e-9
-1.1325e7	4.772e-9
-1.1275e7	4.742e-9
-1.1225e7	4.936e-9
-1.1175e7	5.19e-9
-1.1125e7	5.152e-9
-1.1075e7	5.216e-9
-1.1025e7	5.366e-9
-1.0975e7	5.608e-9
-1.0925e7	5.672e-9
-1.0875e7	5.824e-9
-1.0825e7	6.028e-9
-1.0775e7	6.056e-9
-1.0725e7	6.252e-9
-1.0675e7	6.498e-9
-1.0625e7	6.548e-9
-1.0575e7	6.672e-9
-1.0525e7	6.7e-9
-1.0475e7	6.952e-9
-1.0425e7	7.066e-9
-1.0375e7	7.128e-9
-1.0325e7	7.354e-9
-1.0275e7	7.762e-9
-1.0225e7	7.746e-9
-1.0175e7	7.744e-9
-1.0125e7	8.236e-9
-1.0075e7	8.184e-9
-1.0025e7	8.6e-9
-9.975e6	8.566e-9
-9.925e6	8.96e-9
-9.875e6	9.072e-9
-9.825e6	9.512e-9
-9.775e6	9.408e-9
-9.725e6	9.556e-9
-9.675e6	9.854e-9
-9.625e6	1.0044e-8
-9.575e6	1.0222e-8
-9.525e6	1.0314e-8
-9.475e6	1.0532e-8
-9.425e6	1.1124e-8
-9.375e6	1.0972e-8
-9.325e6	1.1012e-8
-9.275e6	1.1316e-8
-9.225e6	1.1566e-8
-9.175e6	1.191e-8
-9.125e6	1.1914e-8
-9.075e6	1.2262e-8
-9.025e6	1.2664e-8
-8.975e6	1.288e-8
-8.925e6	1.3348e-8
-8.875e6	1.3524e-8
-8.825e6	1.3694e-8
-8.775e6	1.3568e-8
-8.725e6	1.4054e-8
-8.675e6	1.4368e-8
-8.625e6	1.4706e-8
-8.575e6	1.4964e-8
-8.525e6	1.535e-8
-8.475e6	1.5694e-8
-8.425e6	1.5712e-8
-8.375e6	1.6086e-8
-8.325e6	1.6512e-8
-8.275e6	1.698e-8
-8.225e6	1.6628e-8
-8.175e6	1.7012e-8
-8.125e6	1.7144e-8
-8.075e6	1.7812e-8
-8.025e6	1.8494e-8
-7.975e6	1.8632e-8
-7.925e6	1.8474e-8
-7.875e6	1.9022e-8
-7.825e6	1.948e-8
-7.775e6	1.9672e-8
-7.725e6	2.0126e-8
-7.675e6	2.0446e-8
-7.625e6	2.0892e-8
-7.575e6	2.1008e-8
-7.525e6	2.1336e-8
-7.475e6	2.1972e-8
-7.425e6	2.2084e-8
-7.375e6	2.2534e-8
-7.325e6	2.2938e-8
-7.275e6	2.297e-8
-7.225e6	2.3582e-8
-7.175e6	2.427e-8
-7.125e6	2.3856e-8
-7.075e6	2.477e-8
-7.025e6	2.5042e-8
-6.975e6	2.5344e-8
-6.925e6	2.6318e-8
-6.875e6	2.6104e-8
-6.825e6	2.674e-8
-6.775e6	2.7058e-8
-6.725e6	2.7326e-8
-6.675e6	2.7934e-8
-6.625e6	2.8012e-8
-6.575e6	2.8946e-8
-6.525e6	2.9268e-8
-6.475e6	2.9164e-8
-6.425e6	2.9478e-8
-6.375e6	2.9678e-8
-6.325e6	3.0362e-8
-6.275e6	3.1178e-8
-6.225e6	3.1532e-8
-6.175e6	3.2032e-8
-6.125e6	3.1928e-8
-6.075e6	3.2588e-8
-6.025e6	3.2394e-8
-5.975e6	3.3722e-8
-5.925e6	3.391e-8
-5.875e6	3.4388e-8
-5.825e6	3.4854e-8
-5.775e6	3.489e-8
-5.725e6	3.6274e-8
-5.675e6	3.6136e-8
-5.625e6	3.6694e-8
-5.575e6	3.7742e-8
-5.525e6	3.7598e-8
-5.475e6	3.8262e-8
-5.425e6	3.83e-8
-5.375e6	3.8728e-8
-5.325e6	3.9568e-8
-5.275e6	4.0394e-8
-5.225e6	4.0254e-8
-5.175e6	4.0712e-8
-5.125e6	4.1088e-8
-5.075e6	4.1988e-8
-5.025e6	4.231e-8
-4.975e6	4.2354e-8
-4.925e6	4.337e-8
-4.875e6	4.3338e-8
-4.825e6	4.4288e-8
-4.775e6	4.43e-8
-4.725e6	4.5018e-8
-4.675e6	4.5956e-8
-4.625e6	4.5648e-8
-4.575e6	4.674e-8
-4.525e6	4.6764e-8
-4.475e6	4.7122e-8
-4.425e6	4.7684e-8
-4.375e6	4.8394e-8
-4.325e6	4.8866e-8
-4.275e6	4.9338e-8
-4.225e6	4.9614e-8
-4.175e6	5.0012e-8
-4.125e6	5.1032e-8
-4.075e6	5.093e-8
-4.025e6	5.2352e-8
-3.975e6	5.1644e-8
-3.925e6	5.2824e-8
-3.875e6	5.3084e-8
-3.825e6	5.3746e-8
-3.775e6	5.3524e-8
-3.725e6	5.4156e-8
-3.675e6	5.4904e-8
-3.625e6	5.5384e-8
-3.575e6	5.5384e-8
-3.525e6	5.5862e-8
-3.475e6	5.7216e-8
-3.425e6	5.718e-8
-3.375e6	5.726e-8
-3.325e6	5.784e-8
-3.275e6	5.8804e-8
-3.225e6	5.8856e-8
-3.175e6	5.9402e-8
-3.125e6	6.029e-8
-3.075e6	6.0294e-8
-3.025e6	6.0566e-8
-2.975e6	6.1076e-8
-2.925e6	6.1198e-8
-2.875e6	6.2126e-8
-2.825e6	6.1856e-8
-2.775e6	6.2958e-8
-2.725e6	6.3378e-8
-2.675e6	6.3682e-8
-2.625e6	6.4184e-8
-2.575e6	6.4318e-8
-2.525e6	6.4876e-8
-2.475e6	6.5772e-8
-2.425e6	6.621e-8
-2.375e6	6.5874e-8
-2.325e6	6.6522e-8
-2.275e6	6.6096e-8
-2.225e6	6.6562e-8
-2.175e6	6.7194e-8
-2.125e6	6.8158e-8
-2.075e6	6.9406e-8
-2.025e6	6.9304e-8
-1.975e6	6.8918e-8
-1.925e6	6.9474e-8
-1.875e6	6.9682e-8
-1.825e6	7.0524e-8
-1.775e6	7.151e-8
-1.725e6	7.0266e-8
-1.675e6	7.1186e-8
-1.625e6	7.1386e-8
-1.575e6	7.1952e-8
-1.525e6	7.2152e-8
-1.475e6	7.2074e-8
-1.425e6	7.2782e-8
-1.375e6	7.287e-8
-1.325e6	7.2022e-8
-1.275e6	7.3718e-8
-1.225e6	7.373e-8
-1.175e6	7.43e-8
-1.125e6	7.4626e-8
-1.075e6	7.4938e-8
-1.025e6	7.4176e-8
-975000.0	7.4756e-8
-925000.0	7.5326e-8
-875000.0	7.5574e-8
-825000.0	7.5488e-8
-775000.0	7.5556e-8
-725000.0	7.5578e-8
-675000.0	7.521e-8
-625000.0	7.632e-8
-575000.0	7.7028e-8
-525000.0	7.6382e-8
-475000.0	7.7118e-8
-425000.0	7.7226e-8
-375000.0	7.7348e-8
-325000.0	7.6302e-8
-275000.0	7.7758e-8
-225000.0	7.7194e-8
-175000.0	7.7802e-8
-125000.0	7.7986e-8
-75000.0	7.8312e-8
-25000.0	7.7598e-8
25000.0	7.8474e-8
75000.0	7.8568e-8
125000.0	7.9466e-8
175000.0	7.8216e-8
225000.0	7.8762e-8
275000.0	7.8442e-8
325000.0	7.8004e-8
375000.0	7.9362e-8
425000.0	7.8628e-8
475000.0	7.971e-8
525000.0	7.919e-8
575000.0	7.8312e-8
625000.0	7.845e-8
675000.0	7.7956e-8
725000.0	7.8358e-8
775000.0	7.8958e-8
825000.0	7.8638e-8
875000.0	7.862e-8
925000.0	7.8364e-8
975000.0	7.8176e-8
1.025e6	7.816e-8
1.075e6	7.885e-8
1.125e6	7.8142e-8
1.175e6	7.7774e-8
1.225e6	7.7994e-8
1.275e6	7.7942e-8
1.325e6	7.8406e-8
1.375e6	7.7474e-8
1.425e6	7.8296e-8
1.475e6	7.7488e-8
1.525e6	7.6766e-8
1.575e6	7.698e-8
1.625e6	7.752e-8
1.675e6	7.6854e-8
1.725e6	7.7344e-8
1.775e6	7.6804e-8
1.825e6	7.5844e-8
1.875e6	7.6564e-8
1.925e6	7.6612e-8
1.975e6	7.6586e-8
2.025e6	7.5702e-8
2.075e6	7.4384e-8
2.125e6	7.4872e-8
2.175e6	7.4402e-8
2.225e6	7.502e-8
2.275e6	7.517e-8
2.325e6	7.495e-8
2.375e6	7.3666e-8
2.425e6	7.2722e-8
2.475e6	7.3322e-8
2.525e6	7.325e-8
2.575e6	7.3418e-8
2.625e6	7.2216e-8
2.675e6	7.3208e-8
2.725e6	7.2636e-8
2.775e6	7.178e-8
2.825e6	7.1476e-8
2.875e6	7.0116e-8
2.925e6	7.0572e-8
2.975e6	7.0494e-8
3.025e6	7.0036e-8
3.075e6	6.9934e-8
3.125e6	6.9682e-8
3.175e6	6.9166e-8
3.225e6	6.8754e-8
3.275e6	6.8372e-8
3.325e6	6.84e-8
3.375e6	6.7582e-8
3.425e6	6.76e-8
3.475e6	6.6934e-8
3.525e6	6.6844e-8
3.575e6	6.6302e-8
3.625e6	6.5652e-8
3.675e6	6.5288e-8
3.725e6	6.458e-8
3.775e6	6.373e-8
3.825e6	6.4206e-8
3.875e6	6.4232e-8
3.925e6	6.4026e-8
3.975e6	6.33e-8
4.025e6	6.273e-8
4.075e6	6.2182e-8
4.125e6	6.202e-8
4.175e6	6.118e-8
4.225e6	6.092e-8
4.275e6	6.0706e-8
4.325e6	5.9512e-8
4.375e6	5.9388e-8
4.425e6	5.8904e-8
4.475e6	5.8736e-8
4.525e6	5.8128e-8
4.575e6	5.8648e-8
4.625e6	5.7308e-8
4.675e6	5.6926e-8
4.725e6	5.604e-8
4.775e6	5.6176e-8
4.825e6	5.5644e-8
4.875e6	5.5586e-8
4.925e6	5.476e-8
4.975e6	5.4876e-8
5.025e6	5.3612e-8
5.075e6	5.3046e-8
5.125e6	5.3258e-8
5.175e6	5.261e-8
5.225e6	5.194e-8
5.275e6	5.1608e-8
5.325e6	5.1276e-8
5.375e6	4.9988e-8
5.425e6	4.9986e-8
5.475e6	4.9682e-8
5.525e6	4.9328e-8
5.575e6	4.8306e-8
5.625e6	4.8554e-8
5.675e6	4.8286e-8
5.725e6	4.7492e-8
5.775e6	4.6636e-8
5.825e6	4.676e-8
5.875e6	4.5816e-8
5.925e6	4.5236e-8
5.975e6	4.5612e-8
6.025e6	4.4934e-8
6.075e6	4.4258e-8
6.125e6	4.3878e-8
6.175e6	4.353e-8
6.225e6	4.2812e-8
6.275e6	4.2126e-8
6.325e6	4.1882e-8
6.375e6	4.1264e-8
6.425e6	4.0928e-8
6.475e6	4.0536e-8
6.525e6	4.0096e-8
6.575e6	3.9556e-8
6.625e6	3.895e-8
6.675e6	3.8276e-8
6.725e6	3.805e-8
6.775e6	3.8144e-8
6.825e6	3.7298e-8
6.875e6	3.6712e-8
6.925e6	3.6278e-8
6.975e6	3.5574e-8
7.025e6	3.5622e-8
7.075e6	3.4892e-8
7.125e6	3.424e-8
7.175e6	3.433e-8
7.225e6	3.3444e-8
7.275e6	3.3228e-8
7.325e6	3.2846e-8
7.375e6	3.2282e-8
7.425e6	3.2466e-8
7.475e6	3.1498e-8
7.525e6	3.1744e-8
7.575e6	3.054e-8
7.625e6	3.0088e-8
7.675e6	3.0294e-8
7.725e6	3.0096e-8
7.775e6	2.8652e-8
7.825e6	2.8854e-8
7.875e6	2.8264e-8
7.925e6	2.8538e-8
7.975e6	2.7686e-8
8.025e6	2.7564e-8
8.075e6	2.671e-8
8.125e6	2.612e-8
8.175e6	2.6274e-8
8.225e6	2.5608e-8
8.275e6	2.5268e-8
8.325e6	2.5352e-8
8.375e6	2.4754e-8
8.425e6	2.4186e-8
8.475e6	2.3704e-8
8.525e6	2.3512e-8
8.575e6	2.3434e-8
8.625e6	2.3026e-8
8.675e6	2.2558e-8
8.725e6	2.2764e-8
8.775e6	2.2154e-8
8.825e6	2.1728e-8
8.875e6	2.1072e-8
8.925e6	2.0624e-8
8.975e6	2.0378e-8
9.025e6	2.017e-8
9.075e6	2.0e-8
9.125e6	1.9752e-8
9.175e6	1.9008e-8
9.225e6	1.8914e-8
9.275e6	1.8542e-8
9.325e6	1.7952e-8
9.375e6	1.814e-8
9.425e6	1.7568e-8
9.475e6	1.7554e-8
9.525e6	1.695e-8
9.575e6	1.6574e-8
9.625e6	1.65e-8
9.675e6	1.641e-8
9.725e6	1.589e-8
9.775e6	1.5716e-8
9.825e6	1.5414e-8
9.875e6	1.5464e-8
9.925e6	1.4848e-8
9.975e6	1.4682e-8
1.0025e7	1.4364e-8
1.0075e7	1.4008e-8
1.0125e7	1.3688e-8
1.0175e7	1.381e-8
1.0225e7	1.353e-8
1.0275e7	1.3196e-8
1.0325e7	1.3146e-8
1.0375e7	1.2478e-8
1.0425e7	1.2568e-8
1.0475e7	1.2488e-8
1.0525e7	1.208e-8
1.0575e7	1.171e-8
1.0625e7	1.144e-8
1.0675e7	1.1488e-8
1.0725e7	1.1156e-8
1.0775e7	1.1232e-8
1.0825e7	1.0648e-8
1.0875e7	1.016e-8
1.0925e7	1.0298e-8
1.0975e7	1.014e-8
1.1025e7	9.788e-9
1.1075e7	9.742e-9
1.1125e7	9.378e-9
1.1175e7	9.448e-9
1.1225e7	9.158e-9
1.1275e7	9.024e-9
1.1325e7	9.046e-9
1.1375e7	8.568e-9
1.1425e7	8.462e-9
1.1475e7	8.376e-9
1.1525e7	8.21e-9
1.1575e7	7.884e-9
1.1625e7	7.8e-9
1.1675e7	7.578e-9
1.1725e7	7.598e-9
1.1775e7	7.356e-9
1.1825e7	7.172e-9
1.1875e7	6.992e-9
1.1925e7	7.07e-9
1.1975e7	6.692e-9
1.2025e7	6.358e-9
1.2075e7	6.288e-9
1.2125e7	6.526e-9
1.2175e7	6.012e-9
1.2225e7	5.954e-9
1.2275e7	5.894e-9
1.2325e7	5.81e-9
1.2375e7	5.414e-9
1.2425e7	5.428e-9
1.2475e7	5.25e-9
1.2525e7	5.39e-9
1.2575e7	5.258e-9
1.2625e7	5.066e-9
1.2675e7	4.964e-9
1.2725e7	4.682e-9
1.2775e7	4.786e-9
1.2825e7	4.69e-9
1.2875e7	4.608e-9
1.2925e7	4.326e-9
1.2975e7	4.438e-9
1.3025e7	4.254e-9
1.3075e7	4.116e-9
1.3125e7	3.914e-9
1.3175e7	3.82e-9
1.3225e7	3.762e-9
1.3275e7	3.84e-9
1.3325e7	3.822e-9
1.3375e7	3.598e-9
1.3425e7	3.366e-9
1.3475e7	3.35e-9
1.3525e7	3.294e-9
1.3575e7	3.192e-9
1.3625e7	3.216e-9
1.3675e7	3.034e-9
1.3725e7	2.934e-9
1.3775e7	2.972e-9
1.3825e7	2.932e-9
1.3875e7	2.884e-9
1.3925e7	2.74e-9
1.3975e7	2.648e-9
1.4025e7	2.45e-9
1.4075e7	2.42e-9
1.4125e7	2.504e-9
1.4175e7	2.48e-9
1.4225e7	2.282e-9
1.4275e7	2.326e-9
1.4325e7	2.25e-9
1.4375e7	2.12e-9
1.4425e7	2.178e-9
1.4475e7	1.964e-9
1.4525e7	1.926e-9
1.4575e7	1.988e-9
1.4625e7	1.89e-9
1.4675e7	1.888e-9
1.4725e7	1.854e-9
1.4775e7	1.766e-9
1.4825e7	1.676e-9
1.4875e7	1.744e-9
1.4925e7	1.64e-9
1.4975e7	1.512e-9
1.5025e7	1.598e-9
1.5075e7	1.52e-9
1.5125e7	1.456e-9
1.5175e7	1.462e-9
1.5225e7	1.452e-9
1.5275e7	1.334e-9
1.5325e7	1.35e-9
1.5375e7	1.292e-9
1.5425e7	1.186e-9
1.5475e7	1.18e-9
1.5525e7	1.16e-9
1.5575e7	1.216e-9
1.5625e7	1.186e-9
1.5675e7	1.12e-9
1.5725e7	1.142e-9
1.5775e7	1.08e-9
1.5825e7	9.8e-10
1.5875e7	8.36e-10
1.5925e7	9.08e-10
1.5975e7	9.32e-10
1.6025e7	8.94e-10
1.6075e7	8.56e-10
1.6125e7	8.66e-10
1.6175e7	8.22e-10
1.6225e7	8.04e-10
1.6275e7	7.74e-10
1.6325e7	7.62e-10
1.6375e7	7.66e-10
1.6425e7	6.92e-10
1.6475e7	6.46e-10
1.6525e7	6.72e-10
1.6575e7	6.18e-10
1.6625e7	6.2e-10
1.6675e7	6.14e-10
1.6725e7	6.08e-10
1.6775e7	5.9e-10
1.6825e7	5.78e-10
1.6875e7	5.16e-10
1.6925e7	4.7e-10
1.6975e7	4.66e-10
1.7025e7	4.72e-10
1.7075e7	4.86e-10
1.7125e7	4.94e-10
1.7175e7	4.62e-10
1.7225e7	4.1e-10
1.7275e7	3.98e-10
1.7325e7	3.82e-10
1.7375e7	4.02e-10
1.7425e7	3.88e-10
1.7475e7	3.56e-10
1.7525e7	3.46e-10
1.7575e7	3.56e-10
1.7625e7	3.34e-10
1.7675e7	3.58e-10
1.7725e7	3.38e-10
1.7775e7	2.9e-10
1.7825e7	2.74e-10
1.7875e7	2.9e-10
1.7925e7	2.82e-10
1.7975e7	2.86e-10
1.8025e7	2.54e-10
1.8075e7	2.88e-10
1.8125e7	2.62e-10
1.8175e7	2.7e-10
1.8225e7	2.32e-10
1.8275e7	2.36e-10
1.8325e7	2.4e-10
1.8375e7	2.02e-10
1.8425e7	2.22e-10
1.8475e7	2.32e-10
1.8525e7	1.56e-10
1.8575e7	1.76e-10
1.8625e7	1.98e-10
1.8675e7	1.9e-10
1.8725e7	1.28e-10
1.8775e7	1.74e-10
1.8825e7	1.74e-10
1.8875e7	1.98e-10
1.8925e7	1.6e-10
1.8975e7	1.42e-10
1.9025e7	1.24e-10
1.9075e7	1.26e-10
1.9125e7	1.12e-10
1.9175e7	1.42e-10
1.9225e7	1.1e-10
1.9275e7	1.38e-10
1.9325e7	9.4e-11
1.9375e7	8.2e-11
1.9425e7	9.0e-11
1.9475e7	9.4e-11
1.9525e7	1.08e-10
1.9575e7	9.6e-11
1.9625e7	1.0e-10
1.9675e7	8.8e-11
1.9725e7	1.04e-10
1.9775e7	5.8e-11
1.9825e7	1.0e-10
1.9875e7	6.8e-11
1.9925e7	7.8e-11
1.9975e7	7.4e-11
2.0025e7	7.0e-11
2.0075e7	6.0e-11
2.0125e7	5.4e-11
2.0175e7	5.0e-11
2.0225e7	6.0e-11
2.0275e7	7.4e-11
2.0325e7	5.2e-11
2.0375e7	5.8e-11
2.0425e7	5.6e-11
2.0475e7	3.4e-11
2.0525e7	5.2e-11
2.0575e7	6.4e-11
2.0625e7	2.6e-11
2.0675e7	4.8e-11
2.0725e7	3.2e-11
2.0775e7	3.2e-11
2.0825e7	3.6e-11
2.0875e7	4.4e-11
2.0925e7	4.0e-11
2.0975e7	3.0e-11
2.1025e7	3.6e-11
2.1075e7	2.8e-11
2.1125e7	2.2e-11
2.1175e7	3.6e-11
2.1225e7	3.6e-11
2.1275e7	2.8e-11
2.1325e7	2.2e-11
2.1375e7	3.8e-11
2.1425e7	1.8e-11
2.1475e7	3.0e-11
2.1525e7	6.0e-12
2.1575e7	2.2e-11
2.1625e7	3.4e-11
2.1675e7	3.0e-11
2.1725e7	3.6e-11
2.1775e7	1.0e-11
2.1825e7	2.0e-11
2.1875e7	2.2e-11
2.1925e7	1.8e-11
2.1975e7	2.0e-11
2.2025e7	1.4e-11
2.2075e7	2.6e-11
2.2125e7	1.2e-11
2.2175e7	2.0e-11
2.2225e7	8.0e-12
2.2275e7	8.0e-12
2.2325e7	1.6e-11
2.2375e7	4.0e-12
2.2425e7	8.0e-12
2.2475e7	1.2e-11
2.2525e7	8.0e-12
2.2575e7	2.4e-11
2.2625e7	1.0e-11
2.2675e7	8.0e-12
2.2725e7	6.0e-12
2.2775e7	1.4e-11
2.2825e7	1.0e-11
2.2875e7	1.0e-11
2.2925e7	1.4e-11
2.2975e7	2.0e-11
2.3025e7	1.8e-11
2.3075e7	0.0
2.3125e7	4.0e-12
2.3175e7	2.0e-12
2.3225e7	4.0e-12
2.3275e7	6.0e-12
2.3325e7	8.0e-12
2.3375e7	6.0e-12
2.3425e7	6.0e-12
2.3475e7	6.0e-12
2.3525e7	4.0e-12
2.3575e7	4.0e-12
2.3625e7	2.0e-12
2.3675e7	4.0e-12
2.3725e7	6.0e-12
2.3775e7	2.0e-12
2.3825e7	4.0e-12
2.3875e7	4.0e-12
2.3925e7	6.0e-12
2.3975e7	2.0e-12
2.4025e7	6.0e-12
2.4075e7	4.0e-12
2.4125e7	2.0e-12
2.4175e7	0.0
2.4225e7	4.0e-12
2.4275e7	6.0e-12
2.4325e7	0.0
2.4375e7	6.0e-12
2.4425e7	4.0e-12
2.4475e7	2.0e-12
2.4525e7	0.0
2.4575e7	6.0e-12
2.4625e7	0.0
2.4675e7	2.0e-12
2.4725e7	0.0
2.4775e7	0.0
2.4825e7	4.0e-12
2.4875e7	6.0e-12
2.4925e7	0.0
2.4975e7	0.0
2.5025e7	0.0
2.5075e7	0.0
2.5125e7	2.0e-12
2.5175e7	0.0
2.5225e7	0.0
2.5275e7	0.0
2.5325e7	0.0
2.5375e7	0.0
2.5425e7	2.0e-12
2.5475e7	0.0
2.5525e7	2.0e-12
2.5575e7	2.0e-12
2.5625e7	0.0
2.5675e7	0.0
2.5725e7	2.0e-12
2.5775e7	0.0
2.5825e7	2.0e-12
2.5875e7	0.0
2.5925e7	0.0
2.5975e7	0.0
2.6025e7	0.0
2.6075e7	0.0
2.6125e7	2.0e-12
2.6175e7	0.0
2.6225e7	2.0e-12
2.6275e7	0.0
2.6325e7	2.0e-12
2.6375e7	0.0
2.6425e7	0.0
2.6475e7	0.0
2.6525e7	0.0
2.6575e7	0.0
2.6625e7	0.0
2.6675e7	2.0e-12
2.6725e7	0.0
2.6775e7	2.0e-12
2.6825e7	2.0e-12
2.6875e7	0.0
2.6925e7	0.0
2.6975e7	0.0
2.7025e7	0.0
2.7075e7	0.0
2.7125e7	0.0
2.7175e7	0.0
2.7225e7	0.0
2.7275e7	2.0e-12
