x	y
-2.8075e7	2.0e-12
-2.8025e7	0.0
-2.7975e7	0.0
-2.7925e7	0.0
-2.7875e7	0.0
-2.7825e7	0.0
-2.7775e7	0.0
-2.7725e7	0.0
-2.7675e7	0.0
-2.7625e7	0.0
-2.7575e7	0.0
-2.7525e7	0.0
-2.7475e7	0.0
-2.7425e7	0.0
-2.7375e7	0.0
-2.7325e7	0.0
-2.7275e7	0.0
-2.7225e7	0.0
-2.7175e7	2.0e-12
-2.7125e7	0.0
-2.7075e7	0.0
-2.7025e7	0.0
-2.6975e7	0.0
-2.6925e7	0.0
-2.6875e7	0.0
-2.6825e7	0.0
-2.6775e7	0.0
-2.6725e7	0.0
-2.6675e7	0.0
-2.6625e7	0.0
-2.6575e7	0.0
-2.6525e7	0.0
-2.6475e7	0.0
-2.6425e7	0.0
-2.6375e7	0.0
-2.6325e7	0.0
-2.6275e7	2.0e-12
-2.6225e7	0.0
-2.6175e7	0.0
-2.6125e7	0.0
-2.6075e7	0.0
-2.6025e7	0.0
-2.5975e7	0.0
-2.5925e7	0.0
-2.5875e7	0.0
-2.5825e7	0.0
-2.5775e7	0.0
-2.5725e7	0.0
-2.5675e7	0.0
-2.5625e7	0.0
-2.5575e7	0.0
-2.5525e7	0.0
-2.5475e7	0.0
-2.5425e7	0.0
-2.5375e7	0.0
-2.5325e7	0.0
-2.5275e7	0.0
-2.5225e7	0.0
-2.5175e7	2.0e-12
-2.5125e7	0.0
-2.5075e7	0.0
-2.5025e7	0.0
-2.4975e7	0.0
-2.4925e7	0.0
-2.4875e7	0.0
-2.4825e7	0.0
-2.4775e7	0.0
-2.4725e7	0.0
-2.4675e7	0.0
-2.4625e7	0.0
-2.4575e7	0.0
-2.4525e7	2.0e-12
-2.4475e7	0.0
-2.4425e7	0.0
-2.4375e7	0.0
-2.4325e7	0.0
-2.4275e7	0.0
-2.4225e7	0.0
-2.4175e7	0.0
-2.4125e7	0.0
-2.4075e7	0.0
-2.4025e7	0.0
-2.3975e7	0.0
-2.3925e7	0.0
-2.3875e7	0.0
-2.3825e7	0.0
-2.3775e7	2.0e-12
-2.3725e7	0.0
-2.3675e7	0.0
-2.3625e7	2.0e-12
-2.3575e7	2.0e-12
-2.3525e7	0.0
-2.3475e7	2.0e-12
-2.3425e7	0.0
-2.3375e7	0.0
-2.3325e7	0.0
-2.3275e7	0.0
-2.3225e7	0.0
-2.3175e7	2.0e-12
-2.3125e7	6.0e-12
-2.3075e7	2.0e-12
-2.3025e7	4.0e-12
-2.2975e7	2.0e-12
-2.2925e7	2.0e-12
-2.2875e7	2.0e-12
-2.2825e7	2.0e-12
-2.2775e7	0.0
-2.2725e7	4.0e-12
-2.2675e7	0.0
-2.2625e7	4.0e-12
-2.2575e7	0.0
-2.2525e7	0.0
-2.2475e7	0.0
-2.2425e7	0.0
-2.2375e7	2.0e-12
-2.2325e7	0.0
-2.2275e7	8.0e-12
-2.2225e7	4.0e-12
-2.2175e7	6.0e-12
-2.2125e7	6.0e-12
-2.2075e7	4.0e-12
-2.2025e7	2.0e-12
-2.1975e7	2.0e-12
-2.1925e7	8.0e-12
-2.1875e7	2.0e-12
-2.1825e7	2.0e-12
-2.1775e7	2.0e-12
-2.1725e7	6.0e-12
-2.1675e7	6.0e-12
-2.1625e7	2.0e-12
-2.1575e7	6.0e-12
-2.1525e7	6.0e-12
-2.1475e7	8.0e-12
-2.1425e7	4.0e-12
-2.1375e7	1.0e-11
-2.1325e7	4.0e-12
-2.1275e7	1.0e-11
-2.1225e7	8.0e-12
-2.1175e7	8.0e-12
-2.1125e7	8.0e-12
-2.1075e7	8.0e-12
-2.1025e7	0.0
-2.0975e7	6.0e-12
-2.0925e7	1.6e-11
-2.0875e7	8.0e-12
-2.0825e7	4.0e-12
-2.0775e7	1.4e-11
-2.0725e7	1.6e-11
-2.0675e7	6.0e-12
-2.0625e7	1.2e-11
-2.0575e7	1.6e-11
-2.0525e7	6.0e-12
-2.0475e7	1.2e-11
-2.0425e7	1.4e-11
-2.0375e7	2.0e-12
-2.0325e7	1.4e-11
-2.0275e7	1.0e-11
-2.0225e7	1.4e-11
-2.0175e7	8.0e-12
-2.0125e7	1.6e-11
-2.0075e7	2.2e-11
-2.0025e7	1.2e-11
-1.9975e7	2.4e-11
-1.9925e7	1.2e-11
-1.9875e7	2.2e-11
-1.9825e7	1.6e-11
-1.9775e7	2.0e-11
-1.9725e7	2.6e-11
-1.9675e7	2.0e-11
-1.9625e7	2.4e-11
-1.9575e7	1.0e-11
-1.9525e7	2.4e-11
-1.9475e7	3.8e-11
-1.9425e7	2.8e-11
-1.9375e7	2.0e-11
-1.9325e7	3.6e-11
-1.9275e7	3.6e-11
-1.9225e7	4.4e-11
-1.9175e7	5.0e-11
-1.9125e7	2.8e-11
-1.9075e7	3.8e-11
-1.9025e7	3.2e-11
-1.8975e7	3.4e-11
-1.8925e7	3.8e-11
-1.8875e7	3.8e-11
-1.8825e7	4.8e-11
-1.8775e7	4.4e-11
-1.8725e7	4.2e-11
-1.8675e7	5.6e-11
-1.8625e7	5.4e-11
-1.8575e7	5.4e-11
-1.8525e7	5.6e-11
-1.8475e7	6.4e-11
-1.8425e7	5.6e-11
-1.8375e7	5.2e-11
-1.8325e7	8.6e-11
-1.8275e7	7.8e-11
-1.8225e7	5.8e-11
-1.8175e7	7.4e-11
-1.8125e7	6.4e-11
-1.8075e7	7.0e-11
-1.8025e7	9.2e-11
-1.7975e7	7.4e-11
-1.7925e7	6.4e-11
-1.7875e7	9.0e-11
-1.7825e7	9.4e-11
-1.7775e7	1.1e-10
-1.7725e7	9.8e-11
-1.7675e7	1.2e-10
-1.7625e7	1.16e-10
-1.7575e7	1.18e-10
-1.7525e7	1.18e-10
-1.7475e7	1.34e-10
-1.7425e7	1.4e-10
-1.7375e7	1.38e-10
-1.7325e7	1.32e-10
-1.7275e7	1.52e-10
-1.7225e7	1.3e-10
-1.7175e7	1.5e-10
-1.7125e7	1.78e-10
-1.7075e7	1.92e-10
-1.7025e7	2.2e-10
-1.6975e7	1.96e-10
-1.6925e7	1.46e-10
-1.6875e7	1.66e-10
-1.6825e7	1.8e-10
-1.6775e7	2.14e-10
-1.6725e7	2.24e-10
-1.6675e7	2.02e-10
-1.6625e7	2.14e-10
-1.6575e7	2.02e-10
-1.6525e7	2.12e-10
-1.6475e7	2.3e-10
-1.6425e7	2.52e-10
-1.6375e7	2.54e-10
-1.6325e7	3.14e-10
-1.6275e7	3.0e-10
-1.6225e7	2.58e-10
-1.6175e7	2.84e-10
-1.6125e7	3.06e-10
-1.6075e7	3.32e-10
-1.6025e7	3.08e-10
-1.5975e7	3.58e-10
-1.5925e7	3.38e-10
-1.5875e7	3.6e-10
-1.5825e7	3.2e-10
-1.5775e7	3.6e-10
-1.5725e7	3.82e-10
-1.5675e7	4.18e-10
-1.5625e7	4.4e-10
-1.5575e7	4.82e-10
-1.5525e7	5.1e-10
-1.5475e7	5.14e-10
-1.5425e7	5.0e-10
-1.5375e7	5.22e-10
-1.5325e7	5.0e-10
-1.5275e7	5.68e-10
-1.5225e7	5.28e-10
-1.5175e7	5.3e-10
-1.5125e7	5.9e-10
-1.5075e7	5.6e-10
-1.5025e7	5.84e-10
-1.4975e7	6.78e-10
-1.4925e7	7.08e-10
-1.4875e7	6.74e-10
-1.4825e7	7.56e-10
-1.4775e7	6.96e-10
-1.4725e7	7.8e-10
-1.4675e7	8.3e-10
-1.4625e7	7.64e-10
-1.4575e7	8.1e-10
-1.4525e7	8.96e-10
-1.4475e7	8.44e-10
-1.4425e7	8.74e-10
-1.4375e7	9.24e-10
-1.4325e7	1.016e-9
-1.4275e7	9.36e-10
-1.4225e7	9.64e-10
-1.4175e7	9.7e-10
-1.4125e7	1.08e-9
-1.4075e7	1.08e-9
-1.4025e7	1.154e-9
-1.3975e7	1.098e-9
-1.3925e7	1.184e-9
-1.3875e7	1.304e-9
-1.3825e7	1.318e-9
-1.3775e7	1.29e-9
-1.3725e7	1.336e-9
-1.3675e7	1.342e-9
-1.3625e7	1.46e-9
-1.3575e7	1.338e-9
-1.3525e7	1.518e-9
-1.3475e7	1.584e-9
-1.3425e7	1.512e-9
-1.3375e7	1.584e-9
-1.3325e7	1.688e-9
-1.3275e7	1.804e-9
-1.3225e7	1.756e-9
-1.3175e7	1.856e-9
-1.3125e7	2.002e-9
-1.3075e7	1.862e-9
-1.3025e7	2.012e-9
-1.2975e7	1.922e-9
-1.2925e7	2.148e-9
-1.2875e7	2.106e-9
-1.2825e7	2.24e-9
-1.2775e7	2.192e-9
-1.2725e7	2.208e-9
-1.2675e7	2.328e-9
-1.2625e7	2.36e-9
-1.2575e7	2.494e-9
-1.2525e7	2.536e-9
-1.2475e7	2.696e-9
-1.2425e7	2.902e-9
-1.2375e7	2.842e-9
-1.2325e7	2.78e-9
-1.2275e7	2.814e-9
-1.2225e7	3.008e-9
-1.2175e7	2.958e-9
-1.2125e7	3.18e-9
-1.2075e7	3.24e-9
-1.2025e7	3.244e-9
-1.1975e7	3.466e-9
-1.1925e7	3.608e-9
-1.1875e7	3.65e-9
-1.1825e7	3.58e-9
-1.1775e7	3.778e-9
-1.1725e7	3.768e-9
-1.1675e7	3.944e-9
-1.1625e7	4.006e-9
-1.1575e7	4.112e-9
-1.1525e7	4.252e-9
-1.1475e7	4.416e-9
-1.1425e7	4.442e-9
-1.1375e7	4.638e-9
-1.1325e7	4.64e-9
-1.1275e7	4.766e-9
-1.1225e7	4.886e-9
-1.1175e7	4.998e-9
-1.1125e7	5.082e-9
-1.1075e7	5.256e-9
-1.1025e7	5.404e-9
-1.0975e7	5.476e-9
-1.0925e7	5.594e-9
-1.0875e7	5.714e-9
-1.0825e7	5.882e-9
-1.0775e7	5.904e-9
-1.0725e7	6.07e-9
-1.0675e7	6.376e-9
-1.0625e7	6.428e-9
-1.0575e7	6.496e-9
-1.0525e7	6.634e-9
-1.0475e7	6.918e-9
-1.0425e7	7.142e-9
-1.0375e7	6.96e-9
-1.0325e7	7.4e-9
-1.0275e7	7.536e-9
-1.0225e7	7.764e-9
-1.0175e7	7.84e-9
-1.0125e7	7.922e-9
-1.0075e7	8.01e-9
-1.0025e7	8.342e-9
-9.975e6	8.626e-9
-9.925e6	8.826e-9
-9.875e6	8.944e-9
-9.825e6	9.33e-9
-9.775e6	9.356e-9
-9.725e6	9.528e-9
-9.675e6	9.88e-9
-9.625e6	9.914e-9
-9.575e6	9.986e-9
-9.525e6	9.97e-9
-9.475e6	1.0464e-8
-9.425e6	1.07e-8
-9.375e6	1.0958e-8
-9.325e6	1.1012e-8
-9.275e6	1.1468e-8
-9.225e6	1.1462e-8
-9.175e6	1.163e-8
-9.125e6	1.1936e-8
-9.075e6	1.2556e-8
-9.025e6	1.2342e-8
-8.975e6	1.2812e-8
-8.925e6	1.288e-8
-8.875e6	1.3424e-8
-8.825e6	1.3358e-8
-8.775e6	1.3682e-8
-8.725e6	1.3998e-8
-8.675e6	1.4418e-8
-8.625e6	1.4386e-8
-8.575e6	1.4222e-8
-8.525e6	1.4818e-8
-8.475e6	1.4906e-8
-8.425e6	1.5912e-8
-8.375e6	1.5836e-8
-8.325e6	1.6098e-8
-8.275e6	1.6004e-8
-8.225e6	1.6716e-8
-8.175e6	1.6586e-8
-8.125e6	1.7266e-8
-8.075e6	1.715e-8
-8.025e6	1.7828e-8
-7.975e6	1.809e-8
-7.925e6	1.8562e-8
-7.875e6	1.8874e-8
-7.825e6	1.9362e-8
-7.775e6	1.9642e-8
-7.725e6	1.9806e-8
-7.675e6	1.988e-8
-7.625e6	2.0386e-8
-7.575e6	2.0668e-8
-7.525e6	2.0818e-8
-7.475e6	2.1324e-8
-7.425e6	2.1832e-8
-7.375e6	2.2132e-8
-7.325e6	2.2664e-8
-7.275e6	2.2912e-8
-7.225e6	2.3096e-8
-7.175e6	2.3786e-8
-7.125e6	2.3964e-8
-7.075e6	2.421e-8
-7.025e6	2.4668e-8
-6.975e6	2.4818e-8
-6.925e6	2.5288e-8
-6.875e6	2.6196e-8
-6.825e6	2.616e-8
-6.775e6	2.6754e-8
-6.725e6	2.7096e-8
-6.675e6	2.7346e-8
-6.625e6	2.8046e-8
-6.575e6	2.839e-8
-6.525e6	2.8542e-8
-6.475e6	2.8682e-8
-6.425e6	2.9418e-8
-6.375e6	2.9714e-8
-6.325e6	3.0708e-8
-6.275e6	3.0536e-8
-6.225e6	3.1498e-8
-6.175e6	3.0898e-8
-6.125e6	3.1914e-8
-6.075e6	3.2412e-8
-6.025e6	3.269e-8
-5.975e6	3.347e-8
-5.925e6	3.3562e-8
-5.875e6	3.3904e-8
-5.825e6	3.4264e-8
-5.775e6	3.4666e-8
-5.725e6	3.5184e-8
-5.675e6	3.5814e-8
-5.625e6	3.6368e-8
-5.575e6	3.6636e-8
-5.525e6	3.775e-8
-5.475e6	3.7284e-8
-5.425e6	3.785e-8
-5.375e6	3.8326e-8
-5.325e6	3.8974e-8
-5.275e6	3.998e-8
-5.225e6	3.9806e-8
-5.175e6	4.0416e-8
-5.125e6	4.068e-8
-5.075e6	4.1368e-8
-5.025e6	4.1686e-8
-4.975e6	4.202e-8
-4.925e6	4.2746e-8
-4.875e6	4.3408e-8
-4.825e6	4.3898e-8
-4.775e6	4.397e-8
-4.725e6	4.4296e-8
-4.675e6	4.4982e-8
-4.625e6	4.5968e-8
-4.575e6	4.5934e-8
-4.525e6	4.707e-8
-4.475e6	4.657e-8
-4.425e6	4.7854e-8
-4.375e6	4.7876e-8
-4.325e6	4.8594e-8
-4.275e6	4.9422e-8
-4.225e6	4.8692e-8
-4.175e6	4.9468e-8
-4.125e6	5.0166e-8
-4.075e6	5.1044e-8
-4.025e6	5.1848e-8
-3.975e6	5.1946e-8
-3.925e6	5.2184e-8
-3.875e6	5.2408e-8
-3.825e6	5.3246e-8
-3.775e6	5.3152e-8
-3.725e6	5.4226e-8
-3.675e6	5.4308e-8
-3.625e6	5.4786e-8
-3.575e6	5.4916e-8
-3.525e6	5.5588e-8
-3.475e6	5.6918e-8
-3.425e6	5.6436e-8
-3.375e6	5.651e-8
-3.325e6	5.7794e-8
-3.275e6	5.7882e-8
-3.225e6	5.8226e-8
-3.175e6	5.8804e-8
-3.125e6	5.9354e-8
-3.075e6	6.0038e-8
-3.025e6	6.0672e-8
-2.975e6	6.095e-8
-2.925e6	6.1554e-8
-2.875e6	6.1048e-8
-2.825e6	6.217e-8
-2.775e6	6.2366e-8
-2.725e6	6.3242e-8
-2.675e6	6.3812e-8
-2.625e6	6.3844e-8
-2.575e6	6.428e-8
-2.525e6	6.4296e-8
-2.475e6	6.5456e-8
-2.425e6	6.5574e-8
-2.375e6	6.661e-8
-2.325e6	6.6816e-8
-2.275e6	6.613e-8
-2.225e6	6.6106e-8
-2.175e6	6.658e-8
-2.125e6	6.74e-8
-2.075e6	6.7824e-8
-2.025e6	6.7526e-8
-1.975e6	6.9064e-8
-1.925e6	6.9148e-8
-1.875e6	6.9072e-8
-1.825e6	6.9856e-8
-1.775e6	7.0478e-8
-1.725e6	7.0428e-8
-1.675e6	7.019e-8
-1.625e6	7.1292e-8
-1.575e6	7.2028e-8
-1.525e6	7.1992e-8
-1.475e6	7.2208e-8
-1.425e6	7.2408e-8
-1.375e6	7.2338e-8
-1.325e6	7.3236e-8
-1.275e6	7.3274e-8
-1.225e6	7.354e-8
-1.175e6	7.4498e-8
-1.125e6	7.4686e-8
-1.075e6	7.4246e-8
-1.025e6	7.444e-8
-975000.0	7.5516e-8
-925000.0	7.4844e-8
-875000.0	7.5516e-8
-825000.0	7.5192e-8
-775000.0	7.5824e-8
-725000.0	7.5928e-8
-675000.0	7.6e-8
-625000.0	7.5924e-8
-575000.0	7.6286e-8
-525000.0	7.6348e-8
-475000.0	7.6606e-8
-425000.0	7.7008e-8
-375000.0	7.7842e-8
-325000.0	7.7314e-8
-275000.0	7.7272e-8
-225000.0	7.7906e-8
-175000.0	7.7786e-8
-125000.0	7.8362e-8
-75000.0	7.805e-8
-25000.0	7.8172e-8
25000.0	7.809e-8
75000.0	7.8894e-8
125000.0	7.8444e-8
175000.0	7.831e-8
225000.0	7.8598e-8
275000.0	7.892e-8
325000.0	7.8592e-8
375000.0	7.9034e-8
425000.0	7.8768e-8
475000.0	7.9078e-8
525000.0	7.8578e-8
575000.0	7.8822e-8
625000.0	7.8882e-8
675000.0	7.8906e-8
725000.0	7.8692e-8
775000.0	7.8856e-8
825000.0	7.8562e-8
875000.0	7.938e-8
925000.0	7.9572e-8
975000.0	7.8472e-8
1.025e6	7.8374e-8
1.075e6	7.8466e-8
1.125e6	7.7894e-8
1.175e6	7.829e-8
1.225e6	7.8326e-8
1.275e6	7.786e-8
1.325e6	7.7814e-8
1.375e6	7.8582e-8
1.425e6	7.8064e-8
1.475e6	7.787e-8
1.525e6	7.7874e-8
1.575e6	7.8468e-8
1.625e6	7.7306e-8
1.675e6	7.6976e-8
1.725e6	7.7102e-8
1.775e6	7.7088e-8
1.825e6	7.7108e-8
1.875e6	7.6496e-8
1.925e6	7.716e-8
1.975e6	7.7162e-8
2.025e6	7.5756e-8
2.075e6	7.615e-8
2.125e6	7.5488e-8
2.175e6	7.525e-8
2.225e6	7.499e-8
2.275e6	7.5216e-8
2.325e6	7.4884e-8
2.375e6	7.426e-8
2.425e6	7.4496e-8
2.475e6	7.3952e-8
2.525e6	7.334e-8
2.575e6	7.279e-8
2.625e6	7.2804e-8
2.675e6	7.284e-8
2.725e6	7.2424e-8
2.775e6	7.2414e-8
2.825e6	7.2502e-8
2.875e6	7.157e-8
2.925e6	7.0928e-8
2.975e6	7.0678e-8
3.025e6	7.0368e-8
3.075e6	7.0686e-8
3.125e6	6.9914e-8
3.175e6	6.9812e-8
3.225e6	6.9356e-8
3.275e6	6.9114e-8
3.325e6	6.893e-8
3.375e6	6.7918e-8
3.425e6	6.789e-8
3.475e6	6.7822e-8
3.525e6	6.69e-8
3.575e6	6.6948e-8
3.625e6	6.5652e-8
3.675e6	6.5858e-8
3.725e6	6.5462e-8
3.775e6	6.562e-8
3.825e6	6.512e-8
3.875e6	6.4202e-8
3.925e6	6.5052e-8
3.975e6	6.3342e-8
4.025e6	6.3372e-8
4.075e6	6.2964e-8
4.125e6	6.2118e-8
4.175e6	6.2488e-8
4.225e6	6.1512e-8
4.275e6	6.1328e-8
4.325e6	6.0118e-8
4.375e6	6.008e-8
4.425e6	6.0286e-8
4.475e6	5.8992e-8
4.525e6	5.921e-8
4.575e6	5.8366e-8
4.625e6	5.8398e-8
4.675e6	5.7368e-8
4.725e6	5.687e-8
4.775e6	5.6682e-8
4.825e6	5.6328e-8
4.875e6	5.568e-8
4.925e6	5.5534e-8
4.975e6	5.516e-8
5.025e6	5.4406e-8
5.075e6	5.3428e-8
5.125e6	5.3532e-8
5.175e6	5.308e-8
5.225e6	5.2442e-8
5.275e6	5.2304e-8
5.325e6	5.113e-8
5.375e6	5.1146e-8
5.425e6	5.0574e-8
5.475e6	4.9826e-8
5.525e6	4.9792e-8
5.575e6	4.9584e-8
5.625e6	4.9096e-8
5.675e6	4.8176e-8
5.725e6	4.84e-8
5.775e6	4.7422e-8
5.825e6	4.7062e-8
5.875e6	4.5782e-8
5.925e6	4.5734e-8
5.975e6	4.5438e-8
6.025e6	4.5228e-8
6.075e6	4.4956e-8
6.125e6	4.4446e-8
6.175e6	4.3716e-8
6.225e6	4.3558e-8
6.275e6	4.2826e-8
6.325e6	4.2364e-8
6.375e6	4.2212e-8
6.425e6	4.1382e-8
6.475e6	4.1078e-8
6.525e6	4.024e-8
6.575e6	3.979e-8
6.625e6	3.9416e-8
6.675e6	3.8862e-8
6.725e6	3.842e-8
6.775e6	3.8266e-8
6.825e6	3.7418e-8
6.875e6	3.6802e-8
6.925e6	3.6306e-8
6.975e6	3.6654e-8
7.025e6	3.6244e-8
7.075e6	3.5142e-8
7.125e6	3.5458e-8
7.175e6	3.4116e-8
7.225e6	3.4094e-8
7.275e6	3.3618e-8
7.325e6	3.3234e-8
7.375e6	3.3106e-8
7.425e6	3.2468e-8
7.475e6	3.1518e-8
7.525e6	3.1416e-8
7.575e6	3.1032e-8
7.625e6	3.078e-8
7.675e6	3.042e-8
7.725e6	2.976e-8
7.775e6	2.9278e-8
7.825e6	2.922e-8
7.875e6	2.8242e-8
7.925e6	2.851e-8
7.975e6	2.8e-8
8.025e6	2.7742e-8
8.075e6	2.674e-8
8.125e6	2.6106e-8
8.175e6	2.6376e-8
8.225e6	2.5464e-8
8.275e6	2.616e-8
8.325e6	2.4946e-8
8.375e6	2.4568e-8
8.425e6	2.4424e-8
8.475e6	2.3876e-8
8.525e6	2.383e-8
8.575e6	2.3434e-8
8.625e6	2.2798e-8
8.675e6	2.2844e-8
8.725e6	2.2452e-8
8.775e6	2.216e-8
8.825e6	2.182e-8
8.875e6	2.1072e-8
8.925e6	2.114e-8
8.975e6	2.0464e-8
9.025e6	2.0234e-8
9.075e6	2.0076e-8
9.125e6	1.9766e-8
9.175e6	1.9332e-8
9.225e6	1.9078e-8
9.275e6	1.8658e-8
9.325e6	1.7824e-8
9.375e6	1.8158e-8
9.425e6	1.755e-8
9.475e6	1.7282e-8
9.525e6	1.7426e-8
9.575e6	1.6722e-8
9.625e6	1.6408e-8
9.675e6	1.6122e-8
9.725e6	1.6072e-8
9.775e6	1.5632e-8
9.825e6	1.552e-8
9.875e6	1.542e-8
9.925e6	1.4856e-8
9.975e6	1.4638e-8
1.0025e7	1.4416e-8
1.0075e7	1.4074e-8
1.0125e7	1.4012e-8
1.0175e7	1.3414e-8
1.0225e7	1.3506e-8
1.0275e7	1.2812e-8
1.0325e7	1.3132e-8
1.0375e7	1.3036e-8
1.0425e7	1.2646e-8
1.0475e7	1.232e-8
1.0525e7	1.2284e-8
1.0575e7	1.18e-8
1.0625e7	1.1374e-8
1.0675e7	1.108e-8
1.0725e7	1.123e-8
1.0775e7	1.0744e-8
1.0825e7	1.0694e-8
1.0875e7	1.0616e-8
1.0925e7	1.0252e-8
1.0975e7	1.006e-8
1.1025e7	9.958e-9
1.1075e7	9.482e-9
1.1125e7	9.43e-9
1.1175e7	9.122e-9
1.1225e7	9.164e-9
1.1275e7	9.148e-9
1.1325e7	8.494e-9
1.1375e7	8.58e-9
1.1425e7	8.248e-9
1.1475e7	8.156e-9
1.1525e7	8.256e-9
1.1575e7	7.914e-9
1.1625e7	7.892e-9
1.1675e7	7.628e-9
1.1725e7	7.51e-9
1.1775e7	7.08e-9
1.1825e7	7.188e-9
1.1875e7	6.768e-9
1.1925e7	6.792e-9
1.1975e7	6.712e-9
1.2025e7	6.526e-9
1.2075e7	6.396e-9
1.2125e7	6.148e-9
1.2175e7	6.202e-9
1.2225e7	5.882e-9
1.2275e7	5.792e-9
1.2325e7	5.738e-9
1.2375e7	5.5e-9
1.2425e7	5.374e-9
1.2475e7	5.03e-9
1.2525e7	5.128e-9
1.2575e7	5.17e-9
1.2625e7	5.076e-9
1.2675e7	5.106e-9
1.2725e7	4.76e-9
1.2775e7	4.644e-9
1.2825e7	4.626e-9
1.2875e7	4.418e-9
1.2925e7	4.326e-9
1.2975e7	4.336e-9
1.3025e7	4.15e-9
1.3075e7	3.914e-9
1.3125e7	3.792e-9
1.3175e7	3.878e-9
1.3225e7	3.814e-9
1.3275e7	3.694e-9
1.3325e7	3.46e-9
1.3375e7	3.538e-9
1.3425e7	3.398e-9
1.3475e7	3.25e-9
1.3525e7	3.26e-9
1.3575e7	3.218e-9
1.3625e7	2.99e-9
1.3675e7	2.988e-9
1.3725e7	3.054e-9
1.3775e7	2.868e-9
1.3825e7	2.812e-9
1.3875e7	2.812e-9
1.3925e7	2.634e-9
1.3975e7	2.646e-9
1.4025e7	2.564e-9
1.4075e7	2.548e-9
1.4125e7	2.4e-9
1.4175e7	2.188e-9
1.4225e7	2.238e-9
1.4275e7	2.21e-9
1.4325e7	2.208e-9
1.4375e7	1.994e-9
1.4425e7	2.138e-9
1.4475e7	2.076e-9
1.4525e7	1.968e-9
1.4575e7	1.82e-9
1.4625e7	1.88e-9
1.4675e7	1.818e-9
1.4725e7	1.72e-9
1.4775e7	1.704e-9
1.4825e7	1.692e-9
1.4875e7	1.628e-9
1.4925e7	1.596e-9
1.4975e7	1.564e-9
1.5025e7	1.578e-9
1.5075e7	1.462e-9
1.5125e7	1.348e-9
1.5175e7	1.402e-9
1.5225e7	1.304e-9
1.5275e7	1.308e-9
1.5325e7	1.32e-9
1.5375e7	1.27e-9
1.5425e7	1.208e-9
1.5475e7	1.182e-9
1.5525e7	1.078e-9
1.5575e7	1.218e-9
1.5625e7	1.062e-9
1.5675e7	1.01e-9
1.5725e7	1.024e-9
1.5775e7	8.84e-10
1.5825e7	9.44e-10
1.5875e7	9.32e-10
1.5925e7	8.9e-10
1.5975e7	8.36e-10
1.6025e7	8.78e-10
1.6075e7	8.28e-10
1.6125e7	7.66e-10
1.6175e7	8.02e-10
1.6225e7	7.86e-10
1.6275e7	7.68e-10
1.6325e7	7.3e-10
1.6375e7	6.34e-10
1.6425e7	6.78e-10
1.6475e7	6.74e-10
1.6525e7	6.4e-10
1.6575e7	5.36e-10
1.6625e7	5.98e-10
1.6675e7	5.82e-10
1.6725e7	5.4e-10
1.6775e7	5.18e-10
1.6825e7	4.28e-10
1.6875e7	5.0e-10
1.6925e7	4.98e-10
1.6975e7	5.06e-10
1.7025e7	4.46e-10
1.7075e7	4.46e-10
1.7125e7	4.82e-10
1.7175e7	3.54e-10
1.7225e7	4.32e-10
1.7275e7	3.74e-10
1.7325e7	3.72e-10
1.7375e7	3.56e-10
1.7425e7	3.58e-10
1.7475e7	2.96e-10
1.7525e7	3.62e-10
1.7575e7	3.06e-10
1.7625e7	3.82e-10
1.7675e7	2.82e-10
1.7725e7	2.62e-10
1.7775e7	2.48e-10
1.7825e7	2.98e-10
1.7875e7	2.66e-10
1.7925e7	2.74e-10
1.7975e7	2.8e-10
1.8025e7	2.44e-10
1.8075e7	2.7e-10
1.8125e7	2.44e-10
1.8175e7	1.94e-10
1.8225e7	2.12e-10
1.8275e7	2.34e-10
1.8325e7	1.8e-10
1.8375e7	1.84e-10
1.8425e7	1.66e-10
1.8475e7	1.82e-10
1.8525e7	1.58e-10
1.8575e7	1.16e-10
1.8625e7	1.44e-10
1.8675e7	1.8e-10
1.8725e7	1.46e-10
1.8775e7	1.36e-10
1.8825e7	1.48e-10
1.8875e7	1.28e-10
1.8925e7	1.1e-10
1.8975e7	1.36e-10
1.9025e7	1.3e-10
1.9075e7	1.1e-10
1.9125e7	1.36e-10
1.9175e7	1.1e-10
1.9225e7	9.6e-11
1.9275e7	1.38e-10
1.9325e7	8.8e-11
1.9375e7	9.4e-11
1.9425e7	9.4e-11
1.9475e7	1.16e-10
1.9525e7	1.02e-10
1.9575e7	8.6e-11
1.9625e7	7.8e-11
1.9675e7	6.6e-11
1.9725e7	8.8e-11
1.9775e7	8.4e-11
1.9825e7	7.4e-11
1.9875e7	5.6e-11
1.9925e7	7.2e-11
1.9975e7	5.8e-11
2.0025e7	5.2e-11
2.0075e7	5.6e-11
2.0125e7	6.2e-11
2.0175e7	6.4e-11
2.0225e7	5.0e-11
2.0275e7	4.4e-11
2.0325e7	4.6e-11
2.0375e7	4.0e-11
2.0425e7	4.2e-11
2.0475e7	4.2e-11
2.0525e7	5.0e-11
2.0575e7	3.6e-11
2.0625e7	4.4e-11
2.0675e7	2.6e-11
2.0725e7	3.4e-11
2.0775e7	2.8e-11
2.0825e7	3.0e-11
2.0875e7	4.4e-11
2.0925e7	2.2e-11
2.0975e7	1.8e-11
2.1025e7	3.0e-11
2.1075e7	2.2e-11
2.1125e7	2.0e-11
2.1175e7	2.4e-11
2.1225e7	1.8e-11
2.1275e7	2.2e-11
2.1325e7	2.2e-11
2.1375e7	2.6e-11
2.1425e7	2.0e-11
2.1475e7	2.0e-11
2.1525e7	1.8e-11
2.1575e7	1.2e-11
2.1625e7	2.2e-11
2.1675e7	1.4e-11
2.1725e7	1.4e-11
2.1775e7	1.6e-11
2.1825e7	2.0e-11
2.1875e7	1.6e-11
2.1925e7	1.6e-11
2.1975e7	1.2e-11
2.2025e7	8.0e-12
2.2075e7	1.2e-11
2.2125e7	8.0e-12
2.2175e7	8.0e-12
2.2225e7	2.0e-12
2.2275e7	2.0e-11
2.2325e7	8.0e-12
2.2375e7	6.0e-12
2.2425e7	6.0e-12
2.2475e7	4.0e-12
2.2525e7	1.6e-11
2.2575e7	1.0e-11
2.2625e7	4.0e-12
2.2675e7	8.0e-12
2.2725e7	1.2e-11
2.2775e7	6.0e-12
2.2825e7	8.0e-12
2.2875e7	1.0e-11
2.2925e7	2.0e-12
2.2975e7	6.0e-12
2.3025e7	8.0e-12
2.3075e7	1.0e-11
2.3125e7	4.0e-12
2.3175e7	4.0e-12
2.3225e7	2.0e-12
2.3275e7	4.0e-12
2.3325e7	2.0e-12
2.3375e7	0.0
2.3425e7	6.0e-12
2.3475e7	4.0e-12
2.3525e7	6.0e-12
2.3575e7	4.0e-12
2.3625e7	0.0
2.3675e7	6.0e-12
2.3725e7	8.0e-12
2.3775e7	2.0e-12
2.3825e7	0.0
2.3875e7	0.0
2.3925e7	2.0e-12
2.3975e7	0.0
2.4025e7	4.0e-12
2.4075e7	0.0
2.4125e7	2.0e-12
2.4175e7	4.0e-12
2.4225e7	4.0e-12
2.4275e7	2.0e-12
2.4325e7	2.0e-12
2.4375e7	2.0e-12
2.4425e7	2.0e-12
2.4475e7	2.0e-12
2.4525e7	0.0
2.4575e7	0.0
2.4625e7	2.0e-12
2.4675e7	4.0e-12
2.4725e7	4.0e-12
2.4775e7	2.0e-12
2.4825e7	6.0e-12
2.4875e7	0.0
2.4925e7	0.0
2.4975e7	2.0e-12
2.5025e7	2.0e-12
2.5075e7	2.0e-12
2.5125e7	0.0
2.5175e7	2.0e-12
2.5225e7	2.0e-12
2.5275e7	0.0
2.5325e7	0.0
2.5375e7	0.0
2.5425e7	0.0
2.5475e7	6.0e-12
2.5525e7	0.0
2.5575e7	2.0e-12
2.5625e7	0.0
2.5675e7	2.0e-12
2.5725e7	0.0
2.5775e7	0.0
2.5825e7	4.0e-12
2.5875e7	0.0
2.5925e7	0.0
2.5975e7	0.0
2.6025e7	2.0e-12
2.6075e7	0.0
2.6125e7	0.0
2.6175e7	0.0
2.6225e7	0.0
2.6275e7	0.0
2.6325e7	0.0
2.6375e7	2.0e-12
2.6425e7	0.0
2.6475e7	0.0
2.6525e7	0.0
2.6575e7	2.0e-12
2.6625e7	0.0
2.6675e7	2.0e-12
2.6725e7	4.0e-12
