x	y
-1.7275e6	2.0e-11
-1.7225e6	0.0
-1.7175e6	0.0
-1.7125e6	0.0
-1.7075e6	0.0
-1.7025e6	0.0
-1.6975e6	0.0
-1.6925e6	0.0
-1.6875e6	0.0
-1.6825e6	0.0
-1.6775e6	0.0
-1.6725e6	0.0
-1.6675e6	0.0
-1.6625e6	0.0
-1.6575e6	0.0
-1.6525e6	0.0
-1.6475e6	0.0
-1.6425e6	0.0
-1.6375e6	0.0
-1.6325e6	0.0
-1.6275e6	0.0
-1.6225e6	0.0
-1.6175e6	0.0
-1.6125e6	0.0
-1.6075e6	0.0
-1.6025e6	0.0
-1.5975e6	0.0
-1.5925e6	0.0
-1.5875e6	0.0
-1.5825e6	0.0
-1.5775e6	0.0
-1.5725e6	0.0
-1.5675e6	0.0
-1.5625e6	0.0
-1.5575e6	0.0
-1.5525e6	0.0
-1.5475e6	0.0
-1.5425e6	0.0
-1.5375e6	0.0
-1.5325e6	0.0
-1.5275e6	0.0
-1.5225e6	0.0
-1.5175e6	0.0
-1.5125e6	0.0
-1.5075e6	0.0
-1.5025e6	0.0
-1.4975e6	0.0
-1.4925e6	0.0
-1.4875e6	0.0
-1.4825e6	0.0
-1.4775e6	0.0
-1.4725e6	0.0
-1.4675e6	0.0
-1.4625e6	0.0
-1.4575e6	0.0
-1.4525e6	0.0
-1.4475e6	0.0
-1.4425e6	0.0
-1.4375e6	0.0
-1.4325e6	0.0
-1.4275e6	0.0
-1.4225e6	0.0
-1.4175e6	0.0
-1.4125e6	0.0
-1.4075e6	0.0
-1.4025e6	0.0
-1.3975e6	0.0
-1.3925e6	0.0
-1.3875e6	0.0
-1.3825e6	0.0
-1.3775e6	0.0
-1.3725e6	0.0
-1.3675e6	0.0
-1.3625e6	0.0
-1.3575e6	0.0
-1.3525e6	0.0
-1.3475e6	0.0
-1.3425e6	0.0
-1.3375e6	0.0
-1.3325e6	2.0e-11
-1.3275e6	0.0
-1.3225e6	0.0
-1.3175e6	0.0
-1.3125e6	0.0
-1.3075e6	2.0e-11
-1.3025e6	0.0
-1.2975e6	0.0
-1.2925e6	0.0
-1.2875e6	0.0
-1.2825e6	0.0
-1.2775e6	2.0e-11
-1.2725e6	2.0e-11
-1.2675e6	0.0
-1.2625e6	0.0
-1.2575e6	0.0
-1.2525e6	0.0
-1.2475e6	0.0
-1.2425e6	0.0
-1.2375e6	0.0
-1.2325e6	0.0
-1.2275e6	4.0e-11
-1.2225e6	0.0
-1.2175e6	4.0e-11
-1.2125e6	0.0
-1.2075e6	2.0e-11
-1.2025e6	2.0e-11
-1.1975e6	0.0
-1.1925e6	2.0e-11
-1.1875e6	2.0e-11
-1.1825e6	0.0
-1.1775e6	0.0
-1.1725e6	2.0e-11
-1.1675e6	2.0e-11
-1.1625e6	0.0
-1.1575e6	0.0
-1.1525e6	0.0
-1.1475e6	0.0
-1.1425e6	0.0
-1.1375e6	0.0
-1.1325e6	2.0e-11
-1.1275e6	0.0
-1.1225e6	0.0
-1.1175e6	2.0e-11
-1.1125e6	0.0
-1.1075e6	0.0
-1.1025e6	0.0
-1.0975e6	0.0
-1.0925e6	4.0e-11
-1.0875e6	0.0
-1.0825e6	0.0
-1.0775e6	0.0
-1.0725e6	0.0
-1.0675e6	0.0
-1.0625e6	0.0
-1.0575e6	0.0
-1.0525e6	2.0e-11
-1.0475e6	4.0e-11
-1.0425e6	0.0
-1.0375e6	2.0e-11
-1.0325e6	0.0
-1.0275e6	2.0e-11
-1.0225e6	0.0
-1.0175e6	0.0
-1.0125e6	2.0e-11
-1.0075e6	2.0e-11
-1.0025e6	4.0e-11
-997500.0	0.0
-992500.0	4.0e-11
-987500.0	2.0e-11
-982500.0	0.0
-977500.0	2.0e-11
-972500.0	2.0e-11
-967500.0	2.0e-11
-962500.0	4.0e-11
-957500.0	2.0e-11
-952500.0	2.0e-11
-947500.0	0.0
-942500.0	0.0
-937500.0	2.0e-11
-932500.0	4.0e-11
-927500.0	6.0e-11
-922500.0	4.0e-11
-917500.0	4.0e-11
-912500.0	2.0e-11
-907500.0	8.0e-11
-902500.0	0.0
-897500.0	2.0e-11
-892500.0	0.0
-887500.0	2.0e-11
-882500.0	4.0e-11
-877500.0	6.0e-11
-872500.0	8.0e-11
-867500.0	2.0e-11
-862500.0	6.0e-11
-857500.0	8.0e-11
-852500.0	2.0e-11
-847500.0	2.0e-11
-842500.0	6.0e-11
-837500.0	2.0e-11
-832500.0	2.0e-11
-827500.0	6.0e-11
-822500.0	4.0e-11
-817500.0	1.0e-10
-812500.0	4.0e-11
-807500.0	2.0e-11
-802500.0	6.0e-11
-797500.0	4.0e-11
-792500.0	1.2e-10
-787500.0	1.4e-10
-782500.0	8.0e-11
-777500.0	1.0e-10
-772500.0	1.8e-10
-767500.0	6.0e-11
-762500.0	4.0e-11
-757500.0	1.0e-10
-752500.0	4.0e-11
-747500.0	1.2e-10
-742500.0	1.0e-10
-737500.0	1.2e-10
-732500.0	1.2e-10
-727500.0	6.0e-11
-722500.0	6.0e-11
-717500.0	1.6e-10
-712500.0	1.4e-10
-707500.0	1.0e-10
-702500.0	1.2e-10
-697500.0	1.4e-10
-692500.0	1.0e-10
-687500.0	1.4e-10
-682500.0	2.0e-10
-677500.0	2.0e-10
-672500.0	2.0e-10
-667500.0	1.4e-10
-662500.0	1.8e-10
-657500.0	1.6e-10
-652500.0	1.8e-10
-647500.0	2.4e-10
-642500.0	2.6e-10
-637500.0	2.6e-10
-632500.0	2.6e-10
-627500.0	1.8e-10
-622500.0	2.8e-10
-617500.0	2.8e-10
-612500.0	1.8e-10
-607500.0	2.4e-10
-602500.0	2.0e-10
-597500.0	3.2e-10
-592500.0	3.2e-10
-587500.0	3.4e-10
-582500.0	4.2e-10
-577500.0	3.4e-10
-572500.0	4.4e-10
-567500.0	4.0e-10
-562500.0	4.8e-10
-557500.0	5.0e-10
-552500.0	3.6e-10
-547500.0	5.6e-10
-542500.0	3.8e-10
-537500.0	4.2e-10
-532500.0	7.2e-10
-527500.0	4.2e-10
-522500.0	5.6e-10
-517500.0	6.8e-10
-512500.0	5.2e-10
-507500.0	6.2e-10
-502500.0	7.6e-10
-497500.0	5.0e-10
-492500.0	7.2e-10
-487500.0	6.8e-10
-482500.0	7.8e-10
-477500.0	6.8e-10
-472500.0	6.2e-10
-467500.0	6.4e-10
-462500.0	6.2e-10
-457500.0	9.2e-10
-452500.0	9.8e-10
-447500.0	9.6e-10
-442500.0	8.6e-10
-437500.0	8.2e-10
-432500.0	8.2e-10
-427500.0	1.22e-9
-422500.0	8.8e-10
-417500.0	1.04e-9
-412500.0	1.1e-9
-407500.0	1.36e-9
-402500.0	1.22e-9
-397500.0	1.3e-9
-392500.0	1.3e-9
-387500.0	1.44e-9
-382500.0	1.36e-9
-377500.0	1.24e-9
-372500.0	1.36e-9
-367500.0	1.46e-9
-362500.0	1.92e-9
-357500.0	1.28e-9
-352500.0	2.08e-9
-347500.0	1.56e-9
-342500.0	1.72e-9
-337500.0	2.0e-9
-332500.0	1.88e-9
-327500.0	2.42e-9
-322500.0	2.1e-9
-317500.0	2.14e-9
-312500.0	1.96e-9
-307500.0	2.58e-9
-302500.0	2.32e-9
-297500.0	2.34e-9
-292500.0	2.6e-9
-287500.0	2.8e-9
-282500.0	3.1e-9
-277500.0	2.8e-9
-272500.0	3.5e-9
-267500.0	3.36e-9
-262500.0	3.22e-9
-257500.0	3.12e-9
-252500.0	3.62e-9
-247500.0	3.82e-9
-242500.0	3.74e-9
-237500.0	4.22e-9
-232500.0	4.06e-9
-227500.0	4.28e-9
-222500.0	4.06e-9
-217500.0	4.94e-9
-212500.0	4.98e-9
-207500.0	4.72e-9
-202500.0	5.12e-9
-197500.0	4.62e-9
-192500.0	5.5e-9
-187500.0	5.8e-9
-182500.0	6.0e-9
-177500.0	6.24e-9
-172500.0	6.32e-9
-167500.0	6.5e-9
-162500.0	6.64e-9
-157500.0	6.56e-9
-152500.0	7.72e-9
-147500.0	7.62e-9
-142500.0	7.06e-9
-137500.0	7.96e-9
-132500.0	8.22e-9
-127500.0	8.26e-9
-122500.0	9.26e-9
-117500.0	9.78e-9
-112500.0	9.5e-9
-107500.0	9.58e-9
-102500.0	9.92e-9
-97500.0	1.08e-8
-92500.0	1.062e-8
-87500.0	1.208e-8
-82500.0	1.104e-8
-77500.0	1.254e-8
-72500.0	1.298e-8
-67500.0	1.29e-8
-62500.0	1.394e-8
-57500.0	1.372e-8
-52500.0	1.48e-8
-47500.0	1.646e-8
-42500.0	1.738e-8
-37500.0	1.794e-8
-32500.0	1.826e-8
-27500.0	1.732e-8
-22500.0	1.954e-8
-17500.0	1.934e-8
-12500.0	2.152e-8
-7500.0	2.178e-8
-2500.0	2.206e-8
2500.0	2.262e-8
7500.0	2.26e-8
12500.0	2.448e-8
17500.0	2.472e-8
22500.0	2.57e-8
27500.0	2.63e-8
32500.0	2.65e-8
37500.0	2.88e-8
42500.0	3.086e-8
47500.0	3.332e-8
52500.0	3.39e-8
57500.0	3.288e-8
62500.0	3.518e-8
67500.0	3.666e-8
72500.0	3.948e-8
77500.0	3.968e-8
82500.0	4.126e-8
87500.0	4.216e-8
92500.0	4.578e-8
97500.0	4.612e-8
102500.0	4.652e-8
107500.0	4.808e-8
112500.0	5.046e-8
117500.0	5.338e-8
122500.0	5.604e-8
127500.0	5.784e-8
132500.0	5.994e-8
137500.0	6.29e-8
142500.0	6.342e-8
147500.0	6.762e-8
152500.0	6.928e-8
157500.0	7.22e-8
162500.0	7.606e-8
167500.0	8.046e-8
172500.0	8.124e-8
177500.0	8.416e-8
182500.0	8.94e-8
187500.0	9.05e-8
192500.0	9.716e-8
197500.0	9.622e-8
202500.0	1.0046e-7
207500.0	1.0838e-7
212500.0	1.1118e-7
217500.0	1.1802e-7
222500.0	1.2278e-7
227500.0	1.2664e-7
232500.0	1.3166e-7
237500.0	1.3754e-7
242500.0	1.4306e-7
247500.0	1.4642e-7
252500.0	1.5628e-7
257500.0	1.5786e-7
262500.0	1.658e-7
267500.0	1.7154e-7
272500.0	1.7838e-7
277500.0	1.8762e-7
282500.0	1.9516e-7
287500.0	2.0094e-7
292500.0	2.0774e-7
297500.0	2.2004e-7
302500.0	2.317e-7
307500.0	2.3764e-7
312500.0	2.523e-7
317500.0	2.6586e-7
322500.0	2.7388e-7
327500.0	2.8448e-7
332500.0	2.9488e-7
337500.0	3.1376e-7
342500.0	3.203e-7
347500.0	3.3368e-7
352500.0	3.5108e-7
357500.0	3.633e-7
362500.0	3.841e-7
367500.0	4.0072e-7
372500.0	4.1536e-7
377500.0	4.3294e-7
382500.0	4.52e-7
387500.0	4.7522e-7
392500.0	4.9726e-7
397500.0	5.1704e-7
402500.0	5.416e-7
407500.0	5.6848e-7
412500.0	5.9694e-7
417500.0	6.2392e-7
422500.0	6.5412e-7
427500.0	6.871e-7
432500.0	7.1054e-7
437500.0	7.4796e-7
442500.0	7.8332e-7
447500.0	8.2136e-7
452500.0	8.6776e-7
457500.0	9.1298e-7
462500.0	9.6506e-7
467500.0	1.01226e-6
472500.0	1.06428e-6
477500.0	1.12388e-6
482500.0	1.17536e-6
487500.0	1.24666e-6
492500.0	1.31884e-6
497500.0	1.39696e-6
502500.0	1.47892e-6
507500.0	1.5704e-6
512500.0	1.65646e-6
517500.0	1.76416e-6
522500.0	1.88374e-6
527500.0	2.007e-6
532500.0	2.15798e-6
537500.0	2.29036e-6
542500.0	2.46568e-6
547500.0	2.64344e-6
552500.0	2.83016e-6
557500.0	3.03348e-6
562500.0	3.2776e-6
567500.0	3.51758e-6
572500.0	3.78126e-6
577500.0	4.0175e-6
582500.0	4.2612e-6
587500.0	4.44514e-6
592500.0	4.55174e-6
597500.0	4.59188e-6
602500.0	4.54958e-6
607500.0	4.48262e-6
612500.0	4.372e-6
617500.0	4.22748e-6
622500.0	4.03576e-6
627500.0	3.8734e-6
632500.0	3.68626e-6
637500.0	3.52092e-6
642500.0	3.34734e-6
647500.0	3.16184e-6
652500.0	3.01466e-6
657500.0	2.86682e-6
662500.0	2.70982e-6
667500.0	2.56006e-6
672500.0	2.43264e-6
677500.0	2.3072e-6
682500.0	2.19442e-6
687500.0	2.09944e-6
692500.0	1.9984e-6
697500.0	1.89784e-6
702500.0	1.8157e-6
707500.0	1.72072e-6
712500.0	1.64574e-6
717500.0	1.56722e-6
722500.0	1.50058e-6
727500.0	1.42784e-6
732500.0	1.36562e-6
737500.0	1.29948e-6
742500.0	1.26088e-6
747500.0	1.20446e-6
752500.0	1.14414e-6
757500.0	1.0978e-6
762500.0	1.0513e-6
767500.0	1.01366e-6
772500.0	9.8144e-7
777500.0	9.3858e-7
782500.0	9.068e-7
787500.0	8.6244e-7
792500.0	8.3892e-7
797500.0	8.0984e-7
802500.0	7.7172e-7
807500.0	7.3936e-7
812500.0	7.2218e-7
817500.0	6.9332e-7
822500.0	6.654e-7
827500.0	6.3862e-7
832500.0	6.1892e-7
837500.0	5.9436e-7
842500.0	5.7412e-7
847500.0	5.5142e-7
852500.0	5.3376e-7
857500.0	5.182e-7
862500.0	5.013e-7
867500.0	4.7846e-7
872500.0	4.6374e-7
877500.0	4.5122e-7
882500.0	4.257e-7
887500.0	4.2062e-7
892500.0	4.0576e-7
897500.0	3.9398e-7
902500.0	3.796e-7
907500.0	3.6816e-7
912500.0	3.5354e-7
917500.0	3.422e-7
922500.0	3.3556e-7
927500.0	3.1736e-7
932500.0	3.1072e-7
937500.0	2.9722e-7
942500.0	2.9318e-7
947500.0	2.8442e-7
952500.0	2.673e-7
957500.0	2.6274e-7
962500.0	2.527e-7
967500.0	2.4478e-7
972500.0	2.3772e-7
977500.0	2.2888e-7
982500.0	2.244e-7
987500.0	2.177e-7
992500.0	2.0908e-7
997500.0	2.028e-7
1.0025e6	1.9838e-7
1.0075e6	1.892e-7
1.0125e6	1.84e-7
1.0175e6	1.8014e-7
1.0225e6	1.741e-7
1.0275e6	1.6946e-7
1.0325e6	1.6346e-7
1.0375e6	1.5704e-7
1.0425e6	1.4804e-7
1.0475e6	1.4758e-7
1.0525e6	1.4486e-7
1.0575e6	1.4052e-7
1.0625e6	1.3576e-7
1.0675e6	1.318e-7
1.0725e6	1.2456e-7
1.0775e6	1.1958e-7
1.0825e6	1.1996e-7
1.0875e6	1.1402e-7
1.0925e6	1.108e-7
1.0975e6	1.0986e-7
1.1025e6	1.0382e-7
1.1075e6	1.0e-7
1.1125e6	9.856e-8
1.1175e6	9.588e-8
1.1225e6	9.442e-8
1.1275e6	8.826e-8
1.1325e6	8.82e-8
1.1375e6	8.372e-8
1.1425e6	8.334e-8
1.1475e6	8.004e-8
1.1525e6	7.786e-8
1.1575e6	7.532e-8
1.1625e6	7.154e-8
1.1675e6	7.092e-8
1.1725e6	6.94e-8
1.1775e6	6.592e-8
1.1825e6	6.334e-8
1.1875e6	6.224e-8
1.1925e6	6.074e-8
1.1975e6	5.946e-8
1.2025e6	5.636e-8
1.2075e6	5.44e-8
1.2125e6	5.318e-8
1.2175e6	5.216e-8
1.2225e6	5.022e-8
1.2275e6	5.112e-8
1.2325e6	4.786e-8
1.2375e6	4.56e-8
1.2425e6	4.512e-8
1.2475e6	4.352e-8
1.2525e6	4.286e-8
1.2575e6	4.05e-8
1.2625e6	3.824e-8
1.2675e6	3.818e-8
1.2725e6	3.672e-8
1.2775e6	3.656e-8
1.2825e6	3.582e-8
1.2875e6	3.446e-8
1.2925e6	3.196e-8
1.2975e6	3.246e-8
1.3025e6	3.16e-8
1.3075e6	3.158e-8
1.3125e6	2.964e-8
1.3175e6	3.022e-8
1.3225e6	2.882e-8
1.3275e6	2.75e-8
1.3325e6	2.622e-8
1.3375e6	2.41e-8
1.3425e6	2.428e-8
1.3475e6	2.382e-8
1.3525e6	2.316e-8
1.3575e6	2.308e-8
1.3625e6	2.172e-8
1.3675e6	2.278e-8
1.3725e6	2.02e-8
1.3775e6	2.072e-8
1.3825e6	1.914e-8
1.3875e6	1.964e-8
1.3925e6	1.87e-8
1.3975e6	1.744e-8
1.4025e6	1.744e-8
1.4075e6	1.718e-8
1.4125e6	1.682e-8
1.4175e6	1.578e-8
1.4225e6	1.516e-8
1.4275e6	1.51e-8
1.4325e6	1.486e-8
1.4375e6	1.37e-8
1.4425e6	1.274e-8
1.4475e6	1.392e-8
1.4525e6	1.26e-8
1.4575e6	1.274e-8
1.4625e6	1.252e-8
1.4675e6	1.25e-8
1.4725e6	1.204e-8
1.4775e6	1.062e-8
1.4825e6	1.086e-8
1.4875e6	1.042e-8
1.4925e6	9.72e-9
1.4975e6	9.56e-9
1.5025e6	9.3e-9
1.5075e6	9.76e-9
1.5125e6	9.16e-9
1.5175e6	8.92e-9
1.5225e6	8.6e-9
1.5275e6	8.04e-9
1.5325e6	8.02e-9
1.5375e6	7.9e-9
1.5425e6	8.06e-9
1.5475e6	7.46e-9
1.5525e6	7.62e-9
1.5575e6	6.62e-9
1.5625e6	7.38e-9
1.5675e6	6.1e-9
1.5725e6	5.98e-9
1.5775e6	6.16e-9
1.5825e6	6.22e-9
1.5875e6	6.16e-9
1.5925e6	5.88e-9
1.5975e6	5.18e-9
1.6025e6	5.42e-9
1.6075e6	4.84e-9
1.6125e6	4.4e-9
1.6175e6	4.06e-9
1.6225e6	4.98e-9
1.6275e6	4.28e-9
1.6325e6	4.34e-9
1.6375e6	4.36e-9
1.6425e6	4.28e-9
1.6475e6	4.06e-9
1.6525e6	4.06e-9
1.6575e6	4.28e-9
1.6625e6	3.8e-9
1.6675e6	3.5e-9
1.6725e6	3.42e-9
1.6775e6	3.9e-9
1.6825e6	3.22e-9
1.6875e6	3.14e-9
1.6925e6	2.72e-9
1.6975e6	2.7e-9
1.7025e6	3.3e-9
1.7075e6	2.86e-9
1.7125e6	2.86e-9
1.7175e6	3.1e-9
1.7225e6	2.72e-9
1.7275e6	2.74e-9
1.7325e6	2.96e-9
1.7375e6	2.74e-9
1.7425e6	2.42e-9
1.7475e6	2.4e-9
1.7525e6	1.98e-9
1.7575e6	2.6e-9
1.7625e6	2.34e-9
1.7675e6	2.62e-9
1.7725e6	2.16e-9
1.7775e6	2.18e-9
1.7825e6	1.96e-9
1.7875e6	1.88e-9
1.7925e6	1.68e-9
1.7975e6	1.76e-9
1.8025e6	1.46e-9
1.8075e6	1.6e-9
1.8125e6	1.98e-9
1.8175e6	1.84e-9
1.8225e6	1.66e-9
1.8275e6	1.36e-9
1.8325e6	1.52e-9
1.8375e6	1.36e-9
1.8425e6	1.24e-9
1.8475e6	1.18e-9
1.8525e6	1.38e-9
1.8575e6	1.5e-9
1.8625e6	1.2e-9
1.8675e6	1.22e-9
1.8725e6	1.02e-9
1.8775e6	1.2e-9
1.8825e6	1.24e-9
1.8875e6	1.02e-9
1.8925e6	1.14e-9
1.8975e6	1.0e-9
1.9025e6	9.6e-10
1.9075e6	1.08e-9
1.9125e6	7.8e-10
1.9175e6	8.2e-10
1.9225e6	1.06e-9
1.9275e6	7.8e-10
1.9325e6	9.4e-10
1.9375e6	8.4e-10
1.9425e6	8.6e-10
1.9475e6	8.2e-10
1.9525e6	6.8e-10
1.9575e6	5.8e-10
1.9625e6	7.2e-10
1.9675e6	9.4e-10
1.9725e6	6.8e-10
1.9775e6	5.2e-10
1.9825e6	4.2e-10
1.9875e6	5.6e-10
1.9925e6	5.8e-10
1.9975e6	6.4e-10
2.0025e6	5.2e-10
2.0075e6	6.8e-10
2.0125e6	5.0e-10
2.0175e6	3.6e-10
2.0225e6	4.6e-10
2.0275e6	4.0e-10
2.0325e6	5.2e-10
2.0375e6	4.6e-10
2.0425e6	4.2e-10
2.0475e6	5.6e-10
2.0525e6	5.2e-10
2.0575e6	3.2e-10
2.0625e6	4.4e-10
2.0675e6	4.2e-10
2.0725e6	3.6e-10
2.0775e6	2.8e-10
2.0825e6	3.6e-10
2.0875e6	4.4e-10
2.0925e6	3.6e-10
2.0975e6	3.8e-10
2.1025e6	2.4e-10
2.1075e6	2.6e-10
2.1125e6	3.2e-10
2.1175e6	1.6e-10
2.1225e6	3.2e-10
2.1275e6	3.8e-10
2.1325e6	1.4e-10
2.1375e6	1.6e-10
2.1425e6	3.6e-10
2.1475e6	3.2e-10
2.1525e6	3.8e-10
2.1575e6	1.8e-10
2.1625e6	1.2e-10
2.1675e6	1.4e-10
2.1725e6	1.8e-10
2.1775e6	2.0e-10
2.1825e6	2.2e-10
2.1875e6	1.8e-10
2.1925e6	8.0e-11
2.1975e6	2.6e-10
2.2025e6	1.8e-10
2.2075e6	1.2e-10
2.2125e6	1.6e-10
2.2175e6	1.6e-10
2.2225e6	8.0e-11
2.2275e6	1.4e-10
2.2325e6	2.0e-10
2.2375e6	6.0e-11
2.2425e6	2.0e-10
2.2475e6	1.4e-10
2.2525e6	1.0e-10
2.2575e6	8.0e-11
2.2625e6	1.0e-10
2.2675e6	1.0e-10
2.2725e6	1.4e-10
2.2775e6	1.0e-10
2.2825e6	6.0e-11
2.2875e6	8.0e-11
2.2925e6	1.6e-10
2.2975e6	1.0e-10
2.3025e6	8.0e-11
2.3075e6	8.0e-11
2.3125e6	1.4e-10
2.3175e6	1.2e-10
2.3225e6	1.0e-10
2.3275e6	1.0e-10
2.3325e6	8.0e-11
2.3375e6	1.0e-10
2.3425e6	1.0e-10
2.3475e6	4.0e-11
2.3525e6	1.2e-10
2.3575e6	8.0e-11
2.3625e6	1.2e-10
2.3675e6	4.0e-11
2.3725e6	6.0e-11
2.3775e6	1.0e-10
2.3825e6	1.0e-10
2.3875e6	1.0e-10
2.3925e6	1.0e-10
2.3975e6	2.0e-11
2.4025e6	4.0e-11
2.4075e6	2.0e-11
2.4125e6	8.0e-11
2.4175e6	6.0e-11
2.4225e6	6.0e-11
2.4275e6	6.0e-11
2.4325e6	8.0e-11
2.4375e6	4.0e-11
2.4425e6	1.0e-10
2.4475e6	2.0e-11
2.4525e6	2.0e-11
2.4575e6	2.0e-11
2.4625e6	8.0e-11
2.4675e6	2.0e-11
2.4725e6	0.0
2.4775e6	4.0e-11
2.4825e6	2.0e-11
2.4875e6	4.0e-11
2.4925e6	2.0e-11
2.4975e6	4.0e-11
2.5025e6	4.0e-11
2.5075e6	2.0e-11
2.5125e6	2.0e-11
2.5175e6	2.0e-11
2.5225e6	2.0e-11
2.5275e6	0.0
2.5325e6	2.0e-11
2.5375e6	4.0e-11
2.5425e6	2.0e-11
2.5475e6	4.0e-11
2.5525e6	4.0e-11
2.5575e6	0.0
2.5625e6	2.0e-11
2.5675e6	2.0e-11
2.5725e6	2.0e-11
2.5775e6	2.0e-11
2.5825e6	2.0e-11
2.5875e6	2.0e-11
2.5925e6	0.0
2.5975e6	2.0e-11
2.6025e6	6.0e-11
2.6075e6	0.0
2.6125e6	0.0
2.6175e6	2.0e-11
2.6225e6	0.0
2.6275e6	4.0e-11
2.6325e6	4.0e-11
2.6375e6	0.0
2.6425e6	2.0e-11
2.6475e6	2.0e-11
2.6525e6	2.0e-11
2.6575e6	0.0
2.6625e6	0.0
2.6675e6	2.0e-11
2.6725e6	2.0e-11
2.6775e6	0.0
2.6825e6	2.0e-11
2.6875e6	0.0
2.6925e6	0.0
2.6975e6	2.0e-11
2.7025e6	0.0
2.7075e6	0.0
2.7125e6	0.0
2.7175e6	2.0e-11
2.7225e6	2.0e-11
2.7275e6	0.0
2.7325e6	0.0
2.7375e6	0.0
2.7425e6	0.0
2.7475e6	0.0
2.7525e6	2.0e-11
2.7575e6	0.0
2.7625e6	0.0
2.7675e6	4.0e-11
2.7725e6	0.0
2.7775e6	0.0
2.7825e6	0.0
2.7875e6	0.0
2.7925e6	0.0
2.7975e6	0.0
2.8025e6	2.0e-11
2.8075e6	0.0
2.8125e6	2.0e-11
2.8175e6	2.0e-11
2.8225e6	0.0
2.8275e6	0.0
2.8325e6	0.0
2.8375e6	0.0
2.8425e6	0.0
2.8475e6	0.0
2.8525e6	0.0
2.8575e6	0.0
2.8625e6	0.0
2.8675e6	0.0
2.8725e6	0.0
2.8775e6	0.0
2.8825e6	0.0
2.8875e6	0.0
2.8925e6	0.0
2.8975e6	0.0
2.9025e6	2.0e-11
2.9075e6	0.0
2.9125e6	0.0
2.9175e6	0.0
2.9225e6	0.0
2.9275e6	0.0
2.9325e6	0.0
2.9375e6	0.0
2.9425e6	0.0
2.9475e6	2.0e-11
2.9525e6	0.0
2.9575e6	0.0
2.9625e6	0.0
2.9675e6	0.0
2.9725e6	0.0
2.9775e6	0.0
2.9825e6	0.0
2.9875e6	0.0
2.9925e6	0.0
2.9975e6	0.0
3.0025e6	0.0
3.0075e6	0.0
3.0125e6	0.0
3.0175e6	0.0
3.0225e6	2.0e-11
3.0275e6	0.0
3.0325e6	0.0
3.0375e6	0.0
3.0425e6	0.0
3.0475e6	0.0
3.0525e6	0.0
3.0575e6	0.0
3.0625e6	0.0
3.0675e6	0.0
3.0725e6	0.0
3.0775e6	0.0
3.0825e6	0.0
3.0875e6	0.0
3.0925e6	0.0
3.0975e6	0.0
3.1025e6	0.0
3.1075e6	0.0
3.1125e6	0.0
3.1175e6	0.0
3.1225e6	0.0
3.1275e6	0.0
3.1325e6	0.0
3.1375e6	0.0
3.1425e6	0.0
3.1475e6	0.0
3.1525e6	0.0
3.1575e6	0.0
3.1625e6	0.0
3.1675e6	0.0
3.1725e6	0.0
3.1775e6	0.0
3.1825e6	0.0
3.1875e6	0.0
3.1925e6	2.0e-11
