x	y
-1.1525e7	2.0e-11
-1.1475e7	0.0
-1.1425e7	2.0e-11
-1.1375e7	0.0
-1.1325e7	0.0
-1.1275e7	2.0e-11
-1.1225e7	0.0
-1.1175e7	0.0
-1.1125e7	0.0
-1.1075e7	0.0
-1.1025e7	0.0
-1.0975e7	0.0
-1.0925e7	0.0
-1.0875e7	0.0
-1.0825e7	0.0
-1.0775e7	0.0
-1.0725e7	0.0
-1.0675e7	0.0
-1.0625e7	0.0
-1.0575e7	0.0
-1.0525e7	2.0e-11
-1.0475e7	2.0e-11
-1.0425e7	0.0
-1.0375e7	0.0
-1.0325e7	0.0
-1.0275e7	0.0
-1.0225e7	0.0
-1.0175e7	0.0
-1.0125e7	4.0e-11
-1.0075e7	6.0e-11
-1.0025e7	2.0e-11
-9.975e6	2.0e-11
-9.925e6	2.0e-11
-9.875e6	2.0e-11
-9.825e6	2.0e-11
-9.775e6	0.0
-9.725e6	6.0e-11
-9.675e6	0.0
-9.625e6	4.0e-11
-9.575e6	2.0e-11
-9.525e6	2.0e-11
-9.475e6	1.2e-10
-9.425e6	1.0e-10
-9.375e6	2.0e-11
-9.325e6	8.0e-11
-9.275e6	0.0
-9.225e6	6.0e-11
-9.175e6	1.2e-10
-9.125e6	1.0e-10
-9.075e6	1.2e-10
-9.025e6	2.0e-11
-8.975e6	2.2e-10
-8.925e6	1.4e-10
-8.875e6	6.0e-11
-8.825e6	2.0e-10
-8.775e6	0.0
-8.725e6	2.0e-10
-8.675e6	1.8e-10
-8.625e6	6.0e-11
-8.575e6	1.6e-10
-8.525e6	1.8e-10
-8.475e6	1.6e-10
-8.425e6	2.8e-10
-8.375e6	1.4e-10
-8.325e6	2.6e-10
-8.275e6	2.0e-10
-8.225e6	3.0e-10
-8.175e6	4.0e-10
-8.125e6	2.6e-10
-8.075e6	3.8e-10
-8.025e6	4.6e-10
-7.975e6	3.0e-10
-7.925e6	4.0e-10
-7.875e6	4.6e-10
-7.825e6	4.8e-10
-7.775e6	7.6e-10
-7.725e6	5.2e-10
-7.675e6	8.0e-10
-7.625e6	7.2e-10
-7.575e6	9.4e-10
-7.525e6	8.0e-10
-7.475e6	6.6e-10
-7.425e6	9.8e-10
-7.375e6	9.2e-10
-7.325e6	1.16e-9
-7.275e6	1.04e-9
-7.225e6	1.46e-9
-7.175e6	1.3e-9
-7.125e6	1.22e-9
-7.075e6	1.36e-9
-7.025e6	1.54e-9
-6.975e6	1.68e-9
-6.925e6	1.84e-9
-6.875e6	1.76e-9
-6.825e6	1.76e-9
-6.775e6	1.86e-9
-6.725e6	2.18e-9
-6.675e6	2.5e-9
-6.625e6	2.42e-9
-6.575e6	2.48e-9
-6.525e6	2.7e-9
-6.475e6	3.08e-9
-6.425e6	2.78e-9
-6.375e6	3.18e-9
-6.325e6	3.22e-9
-6.275e6	3.44e-9
-6.225e6	4.04e-9
-6.175e6	3.8e-9
-6.125e6	3.96e-9
-6.075e6	4.42e-9
-6.025e6	4.78e-9
-5.975e6	5.4e-9
-5.925e6	5.16e-9
-5.875e6	5.24e-9
-5.825e6	5.84e-9
-5.775e6	6.0e-9
-5.725e6	6.38e-9
-5.675e6	6.9e-9
-5.625e6	7.02e-9
-5.575e6	7.18e-9
-5.525e6	8.24e-9
-5.475e6	8.14e-9
-5.425e6	8.34e-9
-5.375e6	8.7e-9
-5.325e6	9.46e-9
-5.275e6	9.1e-9
-5.225e6	1.064e-8
-5.175e6	1.104e-8
-5.125e6	1.094e-8
-5.075e6	1.204e-8
-5.025e6	1.174e-8
-4.975e6	1.232e-8
-4.925e6	1.334e-8
-4.875e6	1.36e-8
-4.825e6	1.452e-8
-4.775e6	1.558e-8
-4.725e6	1.48e-8
-4.675e6	1.652e-8
-4.625e6	1.736e-8
-4.575e6	1.76e-8
-4.525e6	1.832e-8
-4.475e6	1.864e-8
-4.425e6	1.998e-8
-4.375e6	2.112e-8
-4.325e6	2.094e-8
-4.275e6	2.26e-8
-4.225e6	2.126e-8
-4.175e6	2.42e-8
-4.125e6	2.578e-8
-4.075e6	2.668e-8
-4.025e6	2.768e-8
-3.975e6	2.74e-8
-3.925e6	2.948e-8
-3.875e6	2.822e-8
-3.825e6	3.122e-8
-3.775e6	3.264e-8
-3.725e6	3.17e-8
-3.675e6	3.576e-8
-3.625e6	3.406e-8
-3.575e6	3.756e-8
-3.525e6	3.752e-8
-3.475e6	3.974e-8
-3.425e6	4.052e-8
-3.375e6	4.184e-8
-3.325e6	4.144e-8
-3.275e6	4.474e-8
-3.225e6	4.632e-8
-3.175e6	4.598e-8
-3.125e6	4.786e-8
-3.075e6	5.126e-8
-3.025e6	5.106e-8
-2.975e6	5.224e-8
-2.925e6	5.542e-8
-2.875e6	5.622e-8
-2.825e6	5.8e-8
-2.775e6	5.824e-8
-2.725e6	6.222e-8
-2.675e6	6.282e-8
-2.625e6	6.534e-8
-2.575e6	6.858e-8
-2.525e6	7.132e-8
-2.475e6	6.992e-8
-2.425e6	7.34e-8
-2.375e6	7.174e-8
-2.325e6	7.71e-8
-2.275e6	7.628e-8
-2.225e6	7.872e-8
-2.175e6	8.114e-8
-2.125e6	8.454e-8
-2.075e6	8.462e-8
-2.025e6	8.666e-8
-1.975e6	8.758e-8
-1.925e6	8.872e-8
-1.875e6	9.064e-8
-1.825e6	9.304e-8
-1.775e6	9.252e-8
-1.725e6	9.732e-8
-1.675e6	9.808e-8
-1.625e6	1.01e-7
-1.575e6	1.0134e-7
-1.525e6	1.033e-7
-1.475e6	1.069e-7
-1.425e6	1.071e-7
-1.375e6	1.096e-7
-1.325e6	1.1208e-7
-1.275e6	1.1316e-7
-1.225e6	1.1248e-7
-1.175e6	1.161e-7
-1.125e6	1.176e-7
-1.075e6	1.1894e-7
-1.025e6	1.223e-7
-975000.0	1.2498e-7
-925000.0	1.2666e-7
-875000.0	1.2674e-7
-825000.0	1.259e-7
-775000.0	1.2882e-7
-725000.0	1.307e-7
-675000.0	1.3238e-7
-625000.0	1.3292e-7
-575000.0	1.3356e-7
-525000.0	1.36e-7
-475000.0	1.3576e-7
-425000.0	1.3854e-7
-375000.0	1.4e-7
-325000.0	1.398e-7
-275000.0	1.4152e-7
-225000.0	1.4554e-7
-175000.0	1.428e-7
-125000.0	1.473e-7
-75000.0	1.4622e-7
-25000.0	1.4822e-7
25000.0	1.482e-7
75000.0	1.4594e-7
125000.0	1.427e-7
175000.0	1.4902e-7
225000.0	1.521e-7
275000.0	1.5352e-7
325000.0	1.4928e-7
375000.0	1.5072e-7
425000.0	1.5266e-7
475000.0	1.5212e-7
525000.0	1.5294e-7
575000.0	1.5018e-7
625000.0	1.5416e-7
675000.0	1.5244e-7
725000.0	1.5596e-7
775000.0	1.5542e-7
825000.0	1.5238e-7
875000.0	1.5622e-7
925000.0	1.5212e-7
975000.0	1.542e-7
1.025e6	1.5486e-7
1.075e6	1.5292e-7
1.125e6	1.5094e-7
1.175e6	1.5074e-7
1.225e6	1.4798e-7
1.275e6	1.5046e-7
1.325e6	1.4874e-7
1.375e6	1.487e-7
1.425e6	1.4992e-7
1.475e6	1.4848e-7
1.525e6	1.4706e-7
1.575e6	1.4858e-7
1.625e6	1.45e-7
1.675e6	1.4128e-7
1.725e6	1.4232e-7
1.775e6	1.406e-7
1.825e6	1.3966e-7
1.875e6	1.3944e-7
1.925e6	1.402e-7
1.975e6	1.3906e-7
2.025e6	1.3548e-7
2.075e6	1.36e-7
2.125e6	1.34e-7
2.175e6	1.332e-7
2.225e6	1.2932e-7
2.275e6	1.3096e-7
2.325e6	1.2646e-7
2.375e6	1.2606e-7
2.425e6	1.2422e-7
2.475e6	1.2626e-7
2.525e6	1.2138e-7
2.575e6	1.2002e-7
2.625e6	1.1942e-7
2.675e6	1.1624e-7
2.725e6	1.1542e-7
2.775e6	1.1184e-7
2.825e6	1.1328e-7
2.875e6	1.0972e-7
2.925e6	1.1028e-7
2.975e6	1.088e-7
3.025e6	1.0564e-7
3.075e6	1.0356e-7
3.125e6	1.0178e-7
3.175e6	1.0012e-7
3.225e6	9.79e-8
3.275e6	9.844e-8
3.325e6	9.29e-8
3.375e6	9.44e-8
3.425e6	9.13e-8
3.475e6	9.176e-8
3.525e6	8.684e-8
3.575e6	8.864e-8
3.625e6	8.406e-8
3.675e6	8.092e-8
3.725e6	7.854e-8
3.775e6	8.002e-8
3.825e6	7.534e-8
3.875e6	7.514e-8
3.925e6	7.442e-8
3.975e6	7.246e-8
4.025e6	7.056e-8
4.075e6	6.904e-8
4.125e6	6.562e-8
4.175e6	6.482e-8
4.225e6	6.3e-8
4.275e6	6.198e-8
4.325e6	6.052e-8
4.375e6	5.918e-8
4.425e6	5.948e-8
4.475e6	5.632e-8
4.525e6	5.52e-8
4.575e6	5.342e-8
4.625e6	5.104e-8
4.675e6	5.066e-8
4.725e6	4.964e-8
4.775e6	4.748e-8
4.825e6	4.668e-8
4.875e6	4.506e-8
4.925e6	4.458e-8
4.975e6	4.186e-8
5.025e6	4.032e-8
5.075e6	3.908e-8
5.125e6	3.786e-8
5.175e6	3.864e-8
5.225e6	3.52e-8
5.275e6	3.57e-8
5.325e6	3.222e-8
5.375e6	3.244e-8
5.425e6	3.176e-8
5.475e6	2.944e-8
5.525e6	3.044e-8
5.575e6	2.93e-8
5.625e6	2.676e-8
5.675e6	2.808e-8
5.725e6	2.6e-8
5.775e6	2.46e-8
5.825e6	2.24e-8
5.875e6	2.272e-8
5.925e6	2.158e-8
5.975e6	2.086e-8
6.025e6	2.032e-8
6.075e6	2.016e-8
6.125e6	1.956e-8
6.175e6	1.902e-8
6.225e6	1.718e-8
6.275e6	1.764e-8
6.325e6	1.742e-8
6.375e6	1.578e-8
6.425e6	1.51e-8
6.475e6	1.494e-8
6.525e6	1.402e-8
6.575e6	1.288e-8
6.625e6	1.274e-8
6.675e6	1.306e-8
6.725e6	1.24e-8
6.775e6	1.086e-8
6.825e6	1.06e-8
6.875e6	1.042e-8
6.925e6	9.86e-9
6.975e6	9.86e-9
7.025e6	1.004e-8
7.075e6	8.9e-9
7.125e6	8.18e-9
7.175e6	8.08e-9
7.225e6	8.14e-9
7.275e6	7.0e-9
7.325e6	7.0e-9
7.375e6	6.3e-9
7.425e6	6.92e-9
7.475e6	5.96e-9
7.525e6	6.24e-9
7.575e6	5.96e-9
7.625e6	5.68e-9
7.675e6	5.32e-9
7.725e6	4.96e-9
7.775e6	4.64e-9
7.825e6	4.38e-9
7.875e6	3.88e-9
7.925e6	3.82e-9
7.975e6	3.84e-9
8.025e6	3.66e-9
8.075e6	3.44e-9
8.125e6	3.38e-9
8.175e6	3.22e-9
8.225e6	3.2e-9
8.275e6	2.84e-9
8.325e6	2.64e-9
8.375e6	2.2e-9
8.425e6	2.32e-9
8.475e6	2.08e-9
8.525e6	2.36e-9
8.575e6	1.94e-9
8.625e6	1.8e-9
8.675e6	1.48e-9
8.725e6	1.82e-9
8.775e6	1.68e-9
8.825e6	1.3e-9
8.875e6	1.26e-9
8.925e6	1.24e-9
8.975e6	1.44e-9
9.025e6	1.26e-9
9.075e6	1.16e-9
9.125e6	1.22e-9
9.175e6	1.18e-9
9.225e6	9.4e-10
9.275e6	7.8e-10
9.325e6	9.2e-10
9.375e6	1.04e-9
9.425e6	6.2e-10
9.475e6	8.2e-10
9.525e6	7.8e-10
9.575e6	5.0e-10
9.625e6	6.2e-10
9.675e6	5.6e-10
9.725e6	5.0e-10
9.775e6	4.8e-10
9.825e6	5.8e-10
9.875e6	4.0e-10
9.925e6	2.6e-10
9.975e6	3.8e-10
1.0025e7	2.0e-10
1.0075e7	3.0e-10
1.0125e7	2.6e-10
1.0175e7	1.6e-10
1.0225e7	2.2e-10
1.0275e7	1.8e-10
1.0325e7	1.8e-10
1.0375e7	1.4e-10
1.0425e7	2.2e-10
1.0475e7	1.6e-10
1.0525e7	2.6e-10
1.0575e7	2.6e-10
1.0625e7	1.0e-10
1.0675e7	1.6e-10
1.0725e7	1.2e-10
1.0775e7	6.0e-11
1.0825e7	6.0e-11
1.0875e7	1.4e-10
1.0925e7	6.0e-11
1.0975e7	1.8e-10
1.1025e7	1.0e-10
1.1075e7	1.2e-10
1.1125e7	6.0e-11
1.1175e7	1.0e-10
1.1225e7	8.0e-11
1.1275e7	8.0e-11
1.1325e7	1.6e-10
1.1375e7	2.0e-11
1.1425e7	4.0e-11
1.1475e7	6.0e-11
1.1525e7	4.0e-11
1.1575e7	6.0e-11
1.1625e7	4.0e-11
1.1675e7	4.0e-11
1.1725e7	4.0e-11
1.1775e7	6.0e-11
1.1825e7	2.0e-11
1.1875e7	6.0e-11
1.1925e7	0.0
1.1975e7	4.0e-11
1.2025e7	2.0e-11
1.2075e7	4.0e-11
1.2125e7	2.0e-11
1.2175e7	2.0e-11
1.2225e7	2.0e-11
1.2275e7	0.0
1.2325e7	0.0
1.2375e7	0.0
1.2425e7	0.0
1.2475e7	0.0
1.2525e7	0.0
1.2575e7	0.0
1.2625e7	0.0
1.2675e7	0.0
1.2725e7	0.0
1.2775e7	2.0e-11
1.2825e7	0.0
1.2875e7	0.0
1.2925e7	0.0
1.2975e7	0.0
1.3025e7	2.0e-11
1.3075e7	0.0
1.3125e7	2.0e-11
1.3175e7	2.0e-11
1.3225e7	0.0
1.3275e7	0.0
1.3325e7	0.0
1.3375e7	2.0e-11
1.3425e7	0.0
1.3475e7	0.0
1.3525e7	0.0
1.3575e7	0.0
1.3625e7	0.0
1.3675e7	0.0
1.3725e7	0.0
1.3775e7	2.0e-11
