x	y
-1.8675e6	2.0e-8
-1.8625e6	0.0
-1.8575e6	0.0
-1.8525e6	0.0
-1.8475e6	0.0
-1.8425e6	0.0
-1.8375e6	0.0
-1.8325e6	0.0
-1.8275e6	0.0
-1.8225e6	0.0
-1.8175e6	0.0
-1.8125e6	0.0
-1.8075e6	0.0
-1.8025e6	0.0
-1.7975e6	0.0
-1.7925e6	0.0
-1.7875e6	0.0
-1.7825e6	0.0
-1.7775e6	0.0
-1.7725e6	0.0
-1.7675e6	0.0
-1.7625e6	0.0
-1.7575e6	0.0
-1.7525e6	0.0
-1.7475e6	0.0
-1.7425e6	0.0
-1.7375e6	0.0
-1.7325e6	0.0
-1.7275e6	0.0
-1.7225e6	0.0
-1.7175e6	0.0
-1.7125e6	0.0
-1.7075e6	0.0
-1.7025e6	0.0
-1.6975e6	0.0
-1.6925e6	0.0
-1.6875e6	0.0
-1.6825e6	0.0
-1.6775e6	0.0
-1.6725e6	0.0
-1.6675e6	0.0
-1.6625e6	0.0
-1.6575e6	2.0e-8
-1.6525e6	0.0
-1.6475e6	0.0
-1.6425e6	0.0
-1.6375e6	0.0
-1.6325e6	2.0e-8
-1.6275e6	0.0
-1.6225e6	0.0
-1.6175e6	0.0
-1.6125e6	0.0
-1.6075e6	0.0
-1.6025e6	2.0e-8
-1.5975e6	0.0
-1.5925e6	0.0
-1.5875e6	0.0
-1.5825e6	0.0
-1.5775e6	0.0
-1.5725e6	0.0
-1.5675e6	0.0
-1.5625e6	0.0
-1.5575e6	0.0
-1.5525e6	0.0
-1.5475e6	0.0
-1.5425e6	0.0
-1.5375e6	0.0
-1.5325e6	0.0
-1.5275e6	0.0
-1.5225e6	0.0
-1.5175e6	0.0
-1.5125e6	0.0
-1.5075e6	0.0
-1.5025e6	0.0
-1.4975e6	2.0e-8
-1.4925e6	2.0e-8
-1.4875e6	2.0e-8
-1.4825e6	2.0e-8
-1.4775e6	2.0e-8
-1.4725e6	0.0
-1.4675e6	4.0e-8
-1.4625e6	2.0e-8
-1.4575e6	0.0
-1.4525e6	2.0e-8
-1.4475e6	0.0
-1.4425e6	0.0
-1.4375e6	0.0
-1.4325e6	2.0e-8
-1.4275e6	2.0e-8
-1.4225e6	4.0e-8
-1.4175e6	4.0e-8
-1.4125e6	2.0e-8
-1.4075e6	2.0e-8
-1.4025e6	0.0
-1.3975e6	2.0e-8
-1.3925e6	4.0e-8
-1.3875e6	0.0
-1.3825e6	2.0e-8
-1.3775e6	0.0
-1.3725e6	0.0
-1.3675e6	0.0
-1.3625e6	0.0
-1.3575e6	0.0
-1.3525e6	2.0e-8
-1.3475e6	0.0
-1.3425e6	0.0
-1.3375e6	2.0e-8
-1.3325e6	4.0e-8
-1.3275e6	0.0
-1.3225e6	2.0e-8
-1.3175e6	0.0
-1.3125e6	0.0
-1.3075e6	2.0e-8
-1.3025e6	2.0e-8
-1.2975e6	2.0e-8
-1.2925e6	2.0e-8
-1.2875e6	0.0
-1.2825e6	0.0
-1.2775e6	4.0e-8
-1.2725e6	2.0e-8
-1.2675e6	4.0e-8
-1.2625e6	8.0e-8
-1.2575e6	0.0
-1.2525e6	2.0e-8
-1.2475e6	2.0e-8
-1.2425e6	2.0e-8
-1.2375e6	0.0
-1.2325e6	0.0
-1.2275e6	2.0e-8
-1.2225e6	0.0
-1.2175e6	4.0e-8
-1.2125e6	0.0
-1.2075e6	6.0e-8
-1.2025e6	6.0e-8
-1.1975e6	4.0e-8
-1.1925e6	2.0e-8
-1.1875e6	2.0e-8
-1.1825e6	2.0e-8
-1.1775e6	2.0e-8
-1.1725e6	6.0e-8
-1.1675e6	2.0e-8
-1.1625e6	4.0e-8
-1.1575e6	4.0e-8
-1.1525e6	4.0e-8
-1.1475e6	0.0
-1.1425e6	1.0e-7
-1.1375e6	2.0e-8
-1.1325e6	6.0e-8
-1.1275e6	0.0
-1.1225e6	4.0e-8
-1.1175e6	2.0e-8
-1.1125e6	2.0e-8
-1.1075e6	1.4e-7
-1.1025e6	4.0e-8
-1.0975e6	4.0e-8
-1.0925e6	2.0e-8
-1.0875e6	4.0e-8
-1.0825e6	4.0e-8
-1.0775e6	6.0e-8
-1.0725e6	2.0e-8
-1.0675e6	4.0e-8
-1.0625e6	2.0e-8
-1.0575e6	2.0e-8
-1.0525e6	8.0e-8
-1.0475e6	6.0e-8
-1.0425e6	1.0e-7
-1.0375e6	4.0e-8
-1.0325e6	1.0e-7
-1.0275e6	8.0e-8
-1.0225e6	2.0e-8
-1.0175e6	1.0e-7
-1.0125e6	6.0e-8
-1.0075e6	8.0e-8
-1.0025e6	1.0e-7
-997500.0	4.0e-8
-992500.0	4.0e-8
-987500.0	6.0e-8
-982500.0	1.2e-7
-977500.0	1.2e-7
-972500.0	1.4e-7
-967500.0	1.4e-7
-962500.0	1.4e-7
-957500.0	1.2e-7
-952500.0	1.0e-7
-947500.0	6.0e-8
-942500.0	6.0e-8
-937500.0	6.0e-8
-932500.0	1.4e-7
-927500.0	4.0e-8
-922500.0	8.0e-8
-917500.0	1.4e-7
-912500.0	1.0e-7
-907500.0	8.0e-8
-902500.0	1.0e-7
-897500.0	1.8e-7
-892500.0	2.0e-7
-887500.0	1.2e-7
-882500.0	1.8e-7
-877500.0	8.0e-8
-872500.0	1.0e-7
-867500.0	1.2e-7
-862500.0	1.8e-7
-857500.0	1.6e-7
-852500.0	1.6e-7
-847500.0	1.2e-7
-842500.0	1.8e-7
-837500.0	1.2e-7
-832500.0	8.0e-8
-827500.0	1.0e-7
-822500.0	1.8e-7
-817500.0	1.6e-7
-812500.0	1.6e-7
-807500.0	1.4e-7
-802500.0	1.4e-7
-797500.0	1.0e-7
-792500.0	2.0e-7
-787500.0	1.2e-7
-782500.0	1.4e-7
-777500.0	1.2e-7
-772500.0	1.4e-7
-767500.0	8.0e-8
-762500.0	1.6e-7
-757500.0	2.8e-7
-752500.0	2.4e-7
-747500.0	3.2e-7
-742500.0	2.2e-7
-737500.0	2.4e-7
-732500.0	2.6e-7
-727500.0	2.6e-7
-722500.0	3.8e-7
-717500.0	2.4e-7
-712500.0	1.6e-7
-707500.0	2.0e-7
-702500.0	2.4e-7
-697500.0	1.2e-7
-692500.0	2.6e-7
-687500.0	3.2e-7
-682500.0	2.8e-7
-677500.0	1.4e-7
-672500.0	1.8e-7
-667500.0	1.8e-7
-662500.0	3.2e-7
-657500.0	3.8e-7
-652500.0	2.2e-7
-647500.0	3.6e-7
-642500.0	4.8e-7
-637500.0	2.8e-7
-632500.0	2.6e-7
-627500.0	2.8e-7
-622500.0	1.8e-7
-617500.0	4.0e-7
-612500.0	2.0e-7
-607500.0	2.0e-7
-602500.0	3.2e-7
-597500.0	3.2e-7
-592500.0	4.2e-7
-587500.0	3.8e-7
-582500.0	4.6e-7
-577500.0	4.4e-7
-572500.0	2.0e-7
-567500.0	3.8e-7
-562500.0	3.8e-7
-557500.0	3.2e-7
-552500.0	3.4e-7
-547500.0	5.2e-7
-542500.0	3.8e-7
-537500.0	2.8e-7
-532500.0	3.0e-7
-527500.0	4.6e-7
-522500.0	4.4e-7
-517500.0	3.4e-7
-512500.0	4.0e-7
-507500.0	5.4e-7
-502500.0	5.2e-7
-497500.0	4.6e-7
-492500.0	6.6e-7
-487500.0	4.0e-7
-482500.0	4.6e-7
-477500.0	6.2e-7
-472500.0	5.4e-7
-467500.0	5.0e-7
-462500.0	4.8e-7
-457500.0	5.0e-7
-452500.0	5.0e-7
-447500.0	7.2e-7
-442500.0	6.2e-7
-437500.0	5.4e-7
-432500.0	5.2e-7
-427500.0	5.8e-7
-422500.0	7.2e-7
-417500.0	6.4e-7
-412500.0	4.0e-7
-407500.0	6.0e-7
-402500.0	6.8e-7
-397500.0	5.0e-7
-392500.0	6.4e-7
-387500.0	4.6e-7
-382500.0	8.4e-7
-377500.0	7.2e-7
-372500.0	5.8e-7
-367500.0	5.4e-7
-362500.0	6.0e-7
-357500.0	7.4e-7
-352500.0	5.8e-7
-347500.0	8.0e-7
-342500.0	6.2e-7
-337500.0	5.6e-7
-332500.0	5.8e-7
-327500.0	7.6e-7
-322500.0	5.0e-7
-317500.0	4.6e-7
-312500.0	6.6e-7
-307500.0	6.8e-7
-302500.0	5.4e-7
-297500.0	6.4e-7
-292500.0	4.4e-7
-287500.0	8.4e-7
-282500.0	7.8e-7
-277500.0	7.2e-7
-272500.0	7.6e-7
-267500.0	7.6e-7
-262500.0	9.4e-7
-257500.0	8.2e-7
-252500.0	6.8e-7
-247500.0	8.8e-7
-242500.0	1.06e-6
-237500.0	7.8e-7
-232500.0	8.0e-7
-227500.0	8.2e-7
-222500.0	7.6e-7
-217500.0	8.2e-7
-212500.0	5.0e-7
-207500.0	5.8e-7
-202500.0	7.4e-7
-197500.0	8.8e-7
-192500.0	1.0e-6
-187500.0	5.4e-7
-182500.0	1.02e-6
-177500.0	7.6e-7
-172500.0	9.0e-7
-167500.0	8.8e-7
-162500.0	9.6e-7
-157500.0	8.4e-7
-152500.0	8.6e-7
-147500.0	9.6e-7
-142500.0	9.0e-7
-137500.0	9.8e-7
-132500.0	7.8e-7
-127500.0	7.4e-7
-122500.0	8.8e-7
-117500.0	9.6e-7
-112500.0	8.0e-7
-107500.0	7.8e-7
-102500.0	8.4e-7
-97500.0	8.8e-7
-92500.0	1.02e-6
-87500.0	9.4e-7
-82500.0	6.2e-7
-77500.0	1.12e-6
-72500.0	1.04e-6
-67500.0	8.0e-7
-62500.0	8.8e-7
-57500.0	9.6e-7
-52500.0	8.4e-7
-47500.0	8.0e-7
-42500.0	8.4e-7
-37500.0	7.6e-7
-32500.0	8.8e-7
-27500.0	9.4e-7
-22500.0	9.4e-7
-17500.0	9.8e-7
-12500.0	8.6e-7
-7500.0	8.6e-7
-2500.0	7.8e-7
2500.0	7.8e-7
7500.0	9.8e-7
12500.0	8.2e-7
17500.0	1.04e-6
22500.0	8.6e-7
27500.0	1.02e-6
32500.0	1.0e-6
37500.0	7.4e-7
42500.0	7.4e-7
47500.0	9.0e-7
52500.0	9.2e-7
57500.0	9.4e-7
62500.0	9.4e-7
67500.0	8.6e-7
72500.0	1.0e-6
77500.0	7.4e-7
82500.0	1.08e-6
87500.0	9.0e-7
92500.0	9.0e-7
97500.0	9.6e-7
102500.0	8.2e-7
107500.0	1.18e-6
112500.0	1.16e-6
117500.0	8.8e-7
122500.0	9.4e-7
127500.0	7.6e-7
132500.0	9.2e-7
137500.0	1.04e-6
142500.0	8.6e-7
147500.0	8.8e-7
152500.0	6.8e-7
157500.0	1.02e-6
162500.0	9.6e-7
167500.0	9.6e-7
172500.0	8.6e-7
177500.0	8.8e-7
182500.0	8.0e-7
187500.0	9.4e-7
192500.0	7.2e-7
197500.0	8.4e-7
202500.0	7.2e-7
207500.0	9.6e-7
212500.0	6.6e-7
217500.0	7.4e-7
222500.0	1.12e-6
227500.0	8.2e-7
232500.0	1.08e-6
237500.0	6.4e-7
242500.0	9.8e-7
247500.0	7.8e-7
252500.0	6.4e-7
257500.0	7.2e-7
262500.0	7.8e-7
267500.0	6.0e-7
272500.0	6.4e-7
277500.0	7.4e-7
282500.0	9.0e-7
287500.0	7.4e-7
292500.0	6.6e-7
297500.0	5.4e-7
302500.0	7.0e-7
307500.0	4.8e-7
312500.0	8.2e-7
317500.0	6.6e-7
322500.0	5.4e-7
327500.0	6.2e-7
332500.0	7.0e-7
337500.0	6.2e-7
342500.0	6.6e-7
347500.0	5.0e-7
352500.0	9.8e-7
357500.0	8.8e-7
362500.0	5.6e-7
367500.0	8.8e-7
372500.0	8.0e-7
377500.0	3.6e-7
382500.0	6.0e-7
387500.0	4.8e-7
392500.0	5.0e-7
397500.0	6.6e-7
402500.0	6.6e-7
407500.0	5.2e-7
412500.0	4.0e-7
417500.0	4.0e-7
422500.0	4.4e-7
427500.0	5.2e-7
432500.0	4.4e-7
437500.0	5.0e-7
442500.0	4.4e-7
447500.0	7.2e-7
452500.0	4.4e-7
457500.0	3.8e-7
462500.0	5.6e-7
467500.0	3.4e-7
472500.0	5.4e-7
477500.0	5.4e-7
482500.0	5.6e-7
487500.0	4.2e-7
492500.0	4.0e-7
497500.0	4.2e-7
502500.0	5.6e-7
507500.0	4.8e-7
512500.0	5.6e-7
517500.0	4.4e-7
522500.0	3.4e-7
527500.0	4.6e-7
532500.0	5.6e-7
537500.0	5.4e-7
542500.0	5.0e-7
547500.0	5.8e-7
552500.0	3.6e-7
557500.0	4.4e-7
562500.0	2.0e-7
567500.0	2.4e-7
572500.0	4.2e-7
577500.0	3.8e-7
582500.0	3.4e-7
587500.0	4.4e-7
592500.0	3.8e-7
597500.0	3.4e-7
602500.0	3.6e-7
607500.0	3.0e-7
612500.0	2.0e-7
617500.0	4.0e-7
622500.0	3.2e-7
627500.0	3.2e-7
632500.0	4.0e-7
637500.0	2.6e-7
642500.0	3.2e-7
647500.0	3.4e-7
652500.0	3.0e-7
657500.0	4.6e-7
662500.0	3.4e-7
667500.0	2.2e-7
672500.0	3.6e-7
677500.0	4.0e-7
682500.0	2.6e-7
687500.0	2.6e-7
692500.0	4.4e-7
697500.0	4.0e-7
702500.0	2.0e-7
707500.0	2.4e-7
712500.0	1.6e-7
717500.0	2.2e-7
722500.0	3.0e-7
727500.0	1.2e-7
732500.0	2.0e-7
737500.0	2.6e-7
742500.0	2.4e-7
747500.0	2.8e-7
752500.0	2.6e-7
757500.0	1.8e-7
762500.0	1.6e-7
767500.0	2.2e-7
772500.0	4.0e-7
777500.0	1.8e-7
782500.0	6.0e-8
787500.0	2.6e-7
792500.0	2.2e-7
797500.0	2.0e-7
802500.0	1.2e-7
807500.0	8.0e-8
812500.0	1.6e-7
817500.0	2.8e-7
822500.0	1.6e-7
827500.0	1.8e-7
832500.0	1.8e-7
837500.0	1.4e-7
842500.0	1.4e-7
847500.0	1.2e-7
852500.0	1.2e-7
857500.0	8.0e-8
862500.0	1.8e-7
867500.0	1.4e-7
872500.0	2.2e-7
877500.0	1.4e-7
882500.0	2.0e-7
887500.0	1.4e-7
892500.0	1.0e-7
897500.0	1.4e-7
902500.0	6.0e-8
907500.0	1.0e-7
912500.0	1.0e-7
917500.0	1.0e-7
922500.0	1.2e-7
927500.0	6.0e-8
932500.0	1.0e-7
937500.0	8.0e-8
942500.0	6.0e-8
947500.0	1.2e-7
952500.0	8.0e-8
957500.0	1.0e-7
962500.0	1.2e-7
967500.0	6.0e-8
972500.0	4.0e-8
977500.0	1.4e-7
982500.0	6.0e-8
987500.0	4.0e-8
992500.0	4.0e-8
997500.0	1.4e-7
1.0025e6	4.0e-8
1.0075e6	1.4e-7
1.0125e6	1.2e-7
1.0175e6	6.0e-8
1.0225e6	6.0e-8
1.0275e6	0.0
1.0325e6	8.0e-8
1.0375e6	2.0e-8
1.0425e6	6.0e-8
1.0475e6	2.0e-8
1.0525e6	6.0e-8
1.0575e6	2.0e-8
1.0625e6	4.0e-8
1.0675e6	1.0e-7
1.0725e6	1.0e-7
1.0775e6	2.0e-8
1.0825e6	4.0e-8
1.0875e6	2.0e-8
1.0925e6	1.0e-7
1.0975e6	6.0e-8
1.1025e6	4.0e-8
1.1075e6	4.0e-8
1.1125e6	2.0e-8
1.1175e6	4.0e-8
1.1225e6	0.0
1.1275e6	8.0e-8
1.1325e6	4.0e-8
1.1375e6	2.0e-8
1.1425e6	2.0e-8
1.1475e6	4.0e-8
1.1525e6	0.0
1.1575e6	0.0
1.1625e6	6.0e-8
1.1675e6	0.0
1.1725e6	4.0e-8
1.1775e6	4.0e-8
1.1825e6	2.0e-8
1.1875e6	6.0e-8
1.1925e6	2.0e-8
1.1975e6	6.0e-8
1.2025e6	2.0e-8
1.2075e6	4.0e-8
1.2125e6	8.0e-8
1.2175e6	0.0
1.2225e6	0.0
1.2275e6	4.0e-8
1.2325e6	4.0e-8
1.2375e6	2.0e-8
1.2425e6	2.0e-8
1.2475e6	0.0
1.2525e6	4.0e-8
1.2575e6	0.0
1.2625e6	0.0
1.2675e6	2.0e-8
1.2725e6	6.0e-8
1.2775e6	4.0e-8
1.2825e6	0.0
1.2875e6	2.0e-8
1.2925e6	0.0
1.2975e6	4.0e-8
1.3025e6	4.0e-8
1.3075e6	2.0e-8
1.3125e6	2.0e-8
1.3175e6	0.0
1.3225e6	2.0e-8
1.3275e6	2.0e-8
1.3325e6	0.0
1.3375e6	0.0
1.3425e6	2.0e-8
1.3475e6	0.0
1.3525e6	0.0
1.3575e6	0.0
1.3625e6	2.0e-8
1.3675e6	0.0
1.3725e6	2.0e-8
1.3775e6	2.0e-8
1.3825e6	0.0
1.3875e6	0.0
1.3925e6	4.0e-8
1.3975e6	0.0
1.4025e6	0.0
1.4075e6	0.0
1.4125e6	0.0
1.4175e6	0.0
1.4225e6	0.0
1.4275e6	2.0e-8
1.4325e6	0.0
1.4375e6	2.0e-8
1.4425e6	2.0e-8
1.4475e6	0.0
1.4525e6	0.0
1.4575e6	0.0
1.4625e6	0.0
1.4675e6	2.0e-8
1.4725e6	0.0
1.4775e6	0.0
1.4825e6	0.0
1.4875e6	0.0
1.4925e6	2.0e-8
1.4975e6	4.0e-8
1.5025e6	0.0
1.5075e6	0.0
1.5125e6	0.0
1.5175e6	2.0e-8
1.5225e6	0.0
1.5275e6	0.0
1.5325e6	0.0
1.5375e6	2.0e-8
1.5425e6	0.0
1.5475e6	0.0
1.5525e6	2.0e-8
1.5575e6	0.0
1.5625e6	0.0
1.5675e6	0.0
1.5725e6	2.0e-8
